Tento soubor obsahuje 480 øešení vygenerovaná algoritmem Backtracking.
Øešení jsou vypsána v podobì èísel ve tvaru velikosti šachovnice 6x6.
Každé èíslo reprezentuje krok jezdcovy procházky.
Èíslo 0 je políèko, kde jezdec zaèíná
Èíslo 1 je políèko, kam se jezdec pøesunul z kroku 0 atd...

1. øešení (Backtracking)
3 0 25 8 17 6 
26 9 2 5 24 19 
1 4 35 18 7 16 
10 27 12 31 20 23 
13 34 29 22 15 32 
28 11 14 33 30 21 

2. øešení (Backtracking)
3 0 29 8 17 6 
28 9 2 5 30 19 
1 4 35 18 7 16 
10 27 12 31 20 23 
13 34 25 22 15 32 
26 11 14 33 24 21 

3. øešení (Backtracking)
3 0 27 8 15 6 
26 9 2 5 28 17 
1 4 35 16 7 14 
22 25 10 31 18 29 
11 34 23 20 13 32 
24 21 12 33 30 19 

4. øešení (Backtracking)
3 0 27 8 11 6 
26 17 2 5 28 9 
1 4 35 10 7 12 
18 25 16 31 22 29 
15 34 23 20 13 32 
24 19 14 33 30 21 

5. øešení (Backtracking)
3 0 27 8 19 6 
26 21 2 5 28 9 
1 4 35 20 7 18 
22 25 14 31 10 29 
15 34 23 12 17 32 
24 13 16 33 30 11 

6. øešení (Backtracking)
3 0 23 8 21 6 
24 15 2 5 30 9 
1 4 35 22 7 20 
14 25 16 31 10 29 
17 34 27 12 19 32 
26 13 18 33 28 11 

7. øešení (Backtracking)
3 0 27 8 21 6 
26 15 2 5 28 9 
1 4 35 22 7 20 
14 25 16 31 10 29 
17 34 23 12 19 32 
24 13 18 33 30 11 

8. øešení (Backtracking)
3 0 25 8 21 6 
26 15 2 5 24 9 
1 4 35 22 7 20 
14 27 16 31 10 23 
17 34 29 12 19 32 
28 13 18 33 30 11 

9. øešení (Backtracking)
3 0 29 8 21 6 
28 15 2 5 30 9 
1 4 35 22 7 20 
14 27 16 31 10 23 
17 34 25 12 19 32 
26 13 18 33 24 11 

10. øešení (Backtracking)
3 0 27 16 13 6 
26 17 2 5 28 15 
1 4 35 14 7 12 
18 25 8 31 22 29 
9 34 23 20 11 32 
24 19 10 33 30 21 

11. øešení (Backtracking)
3 0 27 16 13 6 
26 15 2 5 28 17 
1 4 35 14 7 12 
22 25 8 31 18 29 
9 34 23 20 11 32 
24 21 10 33 30 19 

12. øešení (Backtracking)
3 0 23 12 21 6 
24 13 2 5 30 11 
1 4 35 22 7 20 
14 25 16 31 10 29 
17 34 27 8 19 32 
26 15 18 33 28 9 

13. øešení (Backtracking)
3 0 27 12 21 6 
26 13 2 5 28 11 
1 4 35 22 7 20 
14 25 16 31 10 29 
17 34 23 8 19 32 
24 15 18 33 30 9 

14. øešení (Backtracking)
3 0 25 12 21 6 
26 13 2 5 24 11 
1 4 35 22 7 20 
14 27 16 31 10 23 
17 34 29 8 19 32 
28 15 18 33 30 9 

15. øešení (Backtracking)
3 0 29 12 21 6 
28 13 2 5 30 11 
1 4 35 22 7 20 
14 27 16 31 10 23 
17 34 25 8 19 32 
26 15 18 33 24 9 

16. øešení (Backtracking)
3 0 27 12 15 6 
26 13 2 5 28 11 
1 4 35 14 7 16 
22 25 20 31 10 29 
19 34 23 8 17 32 
24 21 18 33 30 9 

17. øešení (Backtracking)
3 0 33 18 21 6 
34 17 2 5 32 19 
1 4 35 20 7 22 
16 27 24 9 12 31 
25 10 29 14 23 8 
28 15 26 11 30 13 

18. øešení (Backtracking)
3 0 13 24 27 6 
14 23 2 5 12 25 
1 4 35 26 7 28 
22 15 32 9 18 11 
31 34 17 20 29 8 
16 21 30 33 10 19 

19. øešení (Backtracking)
3 0 13 20 23 6 
14 19 2 5 12 21 
1 4 35 22 7 24 
18 15 28 9 32 11 
27 34 17 30 25 8 
16 29 26 33 10 31 

20. øešení (Backtracking)
3 0 13 24 27 6 
14 25 2 5 12 23 
1 4 35 26 7 28 
18 15 32 9 22 11 
31 34 17 20 29 8 
16 19 30 33 10 21 

21. øešení (Backtracking)
3 0 29 22 19 6 
28 23 2 5 30 21 
1 4 35 20 7 18 
24 27 14 33 10 31 
15 34 25 12 17 8 
26 13 16 9 32 11 

22. øešení (Backtracking)
3 0 29 18 15 6 
28 19 2 5 30 17 
1 4 35 16 7 14 
20 27 10 33 24 31 
11 34 25 22 13 8 
26 21 12 9 32 23 

23. øešení (Backtracking)
3 0 29 18 15 6 
28 17 2 5 30 19 
1 4 35 16 7 14 
24 27 10 33 20 31 
11 34 25 22 13 8 
26 23 12 9 32 21 

24. øešení (Backtracking)
3 0 33 22 13 6 
32 21 2 5 34 23 
1 4 35 14 7 12 
20 31 18 11 24 27 
17 10 29 26 15 8 
30 19 16 9 28 25 

25. øešení (Backtracking)
3 0 33 22 13 6 
34 21 2 5 32 23 
1 4 35 14 7 12 
20 27 18 11 24 31 
17 10 29 26 15 8 
28 19 16 9 30 25 

26. øešení (Backtracking)
3 0 13 28 21 6 
14 27 2 5 12 29 
1 4 35 20 7 22 
34 15 26 11 30 19 
25 10 17 32 23 8 
16 33 24 9 18 31 

27. øešení (Backtracking)
3 0 13 34 21 6 
14 27 2 5 12 33 
1 4 35 20 7 22 
28 15 26 11 32 19 
25 10 17 30 23 8 
16 29 24 9 18 31 

28. øešení (Backtracking)
3 0 13 32 21 6 
14 33 2 5 12 31 
1 4 35 20 7 22 
34 15 26 11 30 19 
25 10 17 28 23 8 
16 27 24 9 18 29 

29. øešení (Backtracking)
3 0 13 30 21 6 
14 29 2 5 12 31 
1 4 35 20 7 22 
28 15 26 11 32 19 
25 10 17 34 23 8 
16 27 24 9 18 33 

30. øešení (Backtracking)
3 0 13 24 27 6 
14 25 2 5 12 23 
1 4 35 26 7 28 
34 15 32 11 22 19 
31 10 17 20 29 8 
16 33 30 9 18 21 

31. øešení (Backtracking)
3 0 13 34 25 6 
14 33 2 5 12 23 
1 4 35 24 7 26 
32 15 30 11 22 19 
29 10 17 20 27 8 
16 31 28 9 18 21 

32. øešení (Backtracking)
3 0 13 24 15 6 
34 23 2 5 12 25 
1 4 35 14 7 16 
22 33 20 11 26 29 
19 10 31 28 17 8 
32 21 18 9 30 27 

33. øešení (Backtracking)
3 0 19 28 21 6 
18 27 2 5 12 29 
1 4 35 20 7 22 
34 17 26 11 30 13 
25 10 15 32 23 8 
16 33 24 9 14 31 

34. øešení (Backtracking)
3 0 19 34 21 6 
18 27 2 5 12 33 
1 4 35 20 7 22 
28 17 26 11 32 13 
25 10 15 30 23 8 
16 29 24 9 14 31 

35. øešení (Backtracking)
3 0 19 32 21 6 
18 33 2 5 12 31 
1 4 35 20 7 22 
34 17 26 11 30 13 
25 10 15 28 23 8 
16 27 24 9 14 29 

36. øešení (Backtracking)
3 0 19 30 21 6 
18 29 2 5 12 31 
1 4 35 20 7 22 
28 17 26 11 32 13 
25 10 15 34 23 8 
16 27 24 9 14 33 

37. øešení (Backtracking)
3 0 33 22 31 6 
34 23 2 5 12 21 
1 4 35 32 7 30 
24 17 26 11 20 13 
27 10 15 18 29 8 
16 25 28 9 14 19 

38. øešení (Backtracking)
3 0 15 32 29 6 
16 33 2 5 14 31 
1 4 35 30 7 28 
34 17 24 11 20 13 
25 10 19 22 27 8 
18 23 26 9 12 21 

39. øešení (Backtracking)
3 0 15 34 31 6 
16 25 2 5 14 33 
1 4 35 32 7 30 
24 17 26 11 20 13 
27 10 19 22 29 8 
18 23 28 9 12 21 

40. øešení (Backtracking)
3 0 15 28 21 6 
16 27 2 5 14 29 
1 4 35 20 7 22 
34 17 26 11 30 13 
25 10 19 32 23 8 
18 33 24 9 12 31 

41. øešení (Backtracking)
3 0 15 34 21 6 
16 27 2 5 14 33 
1 4 35 20 7 22 
28 17 26 11 32 13 
25 10 19 30 23 8 
18 29 24 9 12 31 

42. øešení (Backtracking)
3 0 15 32 21 6 
16 33 2 5 14 31 
1 4 35 20 7 22 
34 17 26 11 30 13 
25 10 19 28 23 8 
18 27 24 9 12 29 

43. øešení (Backtracking)
3 0 15 30 21 6 
16 29 2 5 14 31 
1 4 35 20 7 22 
28 17 26 11 32 13 
25 10 19 34 23 8 
18 27 24 9 12 33 

44. øešení (Backtracking)
3 0 15 22 25 6 
16 21 2 5 14 23 
1 4 35 24 7 26 
20 17 30 11 34 13 
29 10 19 32 27 8 
18 31 28 9 12 33 

45. øešení (Backtracking)
3 0 15 34 23 6 
16 21 2 5 14 33 
1 4 35 22 7 24 
20 17 28 11 32 13 
27 10 19 30 25 8 
18 29 26 9 12 31 

46. øešení (Backtracking)
3 0 15 34 27 6 
16 33 2 5 14 25 
1 4 35 26 7 28 
20 17 32 11 24 13 
31 10 19 22 29 8 
18 21 30 9 12 23 

47. øešení (Backtracking)
3 0 15 30 27 6 
16 29 2 5 14 31 
1 4 35 28 7 26 
20 17 22 11 32 13 
23 10 19 34 25 8 
18 21 24 9 12 33 

48. øešení (Backtracking)
3 0 15 24 17 6 
34 23 2 5 14 25 
1 4 35 16 7 18 
30 33 22 11 26 13 
21 10 31 28 19 8 
32 29 20 9 12 27 

49. øešení (Backtracking)
3 0 15 28 17 6 
34 29 2 5 14 27 
1 4 35 16 7 18 
30 33 22 11 26 13 
21 10 31 24 19 8 
32 23 20 9 12 25 

50. øešení (Backtracking)
3 0 33 22 15 6 
32 21 2 5 34 23 
1 4 35 14 7 16 
28 31 20 11 24 13 
19 10 29 26 17 8 
30 27 18 9 12 25 

51. øešení (Backtracking)
3 0 33 26 15 6 
32 27 2 5 34 25 
1 4 35 14 7 16 
28 31 20 11 24 13 
19 10 29 22 17 8 
30 21 18 9 12 23 

52. øešení (Backtracking)
3 0 33 18 27 6 
32 19 2 5 34 17 
1 4 35 28 7 26 
20 31 22 11 16 13 
23 10 29 14 25 8 
30 21 24 9 12 15 

53. øešení (Backtracking)
3 0 33 18 21 6 
32 19 2 5 34 17 
1 4 35 20 7 22 
28 31 26 11 16 13 
25 10 29 14 23 8 
30 27 24 9 12 15 

54. øešení (Backtracking)
3 0 33 26 17 6 
34 25 2 5 32 27 
1 4 35 16 7 18 
24 15 22 11 28 31 
21 10 13 30 19 8 
14 23 20 9 12 29 

55. øešení (Backtracking)
3 0 17 28 19 6 
16 27 2 5 34 29 
1 4 35 18 7 20 
26 15 24 11 30 33 
23 10 13 32 21 8 
14 25 22 9 12 31 

56. øešení (Backtracking)
3 0 17 28 21 6 
16 27 2 5 18 29 
1 4 35 20 7 22 
34 15 26 11 30 19 
25 10 13 32 23 8 
14 33 24 9 12 31 

57. øešení (Backtracking)
3 0 17 34 21 6 
16 27 2 5 18 33 
1 4 35 20 7 22 
28 15 26 11 32 19 
25 10 13 30 23 8 
14 29 24 9 12 31 

58. øešení (Backtracking)
3 0 17 32 21 6 
16 33 2 5 18 31 
1 4 35 20 7 22 
34 15 26 11 30 19 
25 10 13 28 23 8 
14 27 24 9 12 29 

59. øešení (Backtracking)
3 0 17 30 21 6 
16 29 2 5 18 31 
1 4 35 20 7 22 
28 15 26 11 32 19 
25 10 13 34 23 8 
14 27 24 9 12 33 

60. øešení (Backtracking)
3 0 17 24 27 6 
16 25 2 5 18 23 
1 4 35 26 7 28 
34 15 32 11 22 19 
31 10 13 20 29 8 
14 33 30 9 12 21 

61. øešení (Backtracking)
3 0 17 34 25 6 
16 33 2 5 18 23 
1 4 35 24 7 26 
32 15 30 11 22 19 
29 10 13 20 27 8 
14 31 28 9 12 21 

62. øešení (Backtracking)
3 0 33 20 29 6 
34 21 2 5 32 19 
1 4 35 30 7 28 
22 15 24 11 18 31 
25 10 13 16 27 8 
14 23 26 9 12 17 

63. øešení (Backtracking)
3 0 5 22 19 34 
6 23 2 35 26 21 
1 4 25 20 33 18 
24 7 14 29 10 27 
15 30 9 12 17 32 
8 13 16 31 28 11 

64. øešení (Backtracking)
3 0 5 16 19 34 
6 15 2 35 28 17 
1 4 29 18 33 20 
14 7 22 25 10 27 
23 30 9 12 21 32 
8 13 24 31 26 11 

65. øešení (Backtracking)
3 0 5 16 19 26 
6 15 2 25 34 17 
1 4 35 18 27 20 
14 7 24 31 10 33 
23 30 9 12 21 28 
8 13 22 29 32 11 

66. øešení (Backtracking)
3 0 5 16 19 34 
6 15 2 35 28 17 
1 4 27 18 33 20 
14 7 24 31 10 29 
23 26 9 12 21 32 
8 13 22 25 30 11 

67. øešení (Backtracking)
3 0 5 24 21 34 
6 15 2 35 26 23 
1 4 25 22 33 20 
14 7 16 29 10 27 
17 30 9 12 19 32 
8 13 18 31 28 11 

68. øešení (Backtracking)
3 0 5 18 11 34 
6 17 2 35 26 19 
1 4 25 10 33 12 
24 7 16 29 20 27 
15 30 9 22 13 32 
8 23 14 31 28 21 

69. øešení (Backtracking)
3 0 5 24 11 34 
6 17 2 35 26 23 
1 4 25 10 33 12 
18 7 16 29 22 27 
15 30 9 20 13 32 
8 19 14 31 28 21 

70. øešení (Backtracking)
3 0 5 22 11 34 
6 23 2 35 26 21 
1 4 25 10 33 12 
24 7 16 29 20 27 
15 30 9 18 13 32 
8 17 14 31 28 19 

71. øešení (Backtracking)
3 0 5 20 11 34 
6 19 2 35 28 21 
1 4 29 10 33 12 
18 7 16 27 22 25 
15 30 9 24 13 32 
8 17 14 31 26 23 

72. øešení (Backtracking)
3 0 5 20 11 34 
6 19 2 35 26 21 
1 4 25 10 33 12 
18 7 16 29 22 27 
15 30 9 24 13 32 
8 17 14 31 28 23 

73. øešení (Backtracking)
3 0 5 12 15 26 
6 11 2 25 34 13 
1 4 35 14 27 16 
10 7 20 31 24 33 
19 30 9 22 17 28 
8 21 18 29 32 23 

74. øešení (Backtracking)
3 0 5 12 15 34 
6 11 2 35 26 13 
1 4 25 14 33 16 
10 7 20 29 24 27 
19 30 9 22 17 32 
8 21 18 31 28 23 

75. øešení (Backtracking)
3 0 5 12 15 34 
6 11 2 35 28 13 
1 4 27 14 33 16 
10 7 20 31 24 29 
19 26 9 22 17 32 
8 21 18 25 30 23 

76. øešení (Backtracking)
3 0 5 12 23 34 
6 11 2 35 28 13 
1 4 29 24 33 22 
10 7 18 27 14 25 
19 30 9 16 21 32 
8 17 20 31 26 15 

77. øešení (Backtracking)
3 0 5 12 23 26 
6 11 2 25 34 13 
1 4 35 22 27 24 
10 7 18 31 14 33 
19 30 9 16 21 28 
8 17 20 29 32 15 

78. øešení (Backtracking)
3 0 5 12 23 34 
6 11 2 35 28 13 
1 4 29 22 33 24 
10 7 18 25 14 27 
19 30 9 16 21 32 
8 17 20 31 26 15 

79. øešení (Backtracking)
3 0 5 24 13 34 
6 11 2 35 26 23 
1 4 25 12 33 14 
10 7 18 29 22 27 
17 30 9 20 15 32 
8 19 16 31 28 21 

80. øešení (Backtracking)
3 0 5 16 23 34 
6 17 2 35 28 15 
1 4 29 24 33 22 
10 7 18 27 14 25 
19 30 9 12 21 32 
8 11 20 31 26 13 

81. øešení (Backtracking)
3 0 5 16 23 26 
6 17 2 25 34 15 
1 4 35 22 27 24 
10 7 18 31 14 33 
19 30 9 12 21 28 
8 11 20 29 32 13 

82. øešení (Backtracking)
3 0 5 16 23 34 
6 17 2 35 28 15 
1 4 29 22 33 24 
10 7 18 25 14 27 
19 30 9 12 21 32 
8 11 20 31 26 13 

83. øešení (Backtracking)
3 0 5 16 19 34 
6 17 2 35 28 15 
1 4 29 18 33 20 
10 7 22 25 14 27 
23 30 9 12 21 32 
8 11 24 31 26 13 

84. øešení (Backtracking)
3 0 5 16 19 26 
6 17 2 25 34 15 
1 4 35 18 27 20 
10 7 24 31 14 33 
23 30 9 12 21 28 
8 11 22 29 32 13 

85. øešení (Backtracking)
3 0 5 16 19 34 
6 17 2 35 28 15 
1 4 27 18 33 20 
10 7 24 31 14 29 
23 26 9 12 21 32 
8 11 22 25 30 13 

86. øešení (Backtracking)
3 0 5 24 17 34 
6 23 2 35 26 15 
1 4 25 16 33 18 
10 7 22 29 14 27 
21 30 9 12 19 32 
8 11 20 31 28 13 

87. øešení (Backtracking)
3 0 5 20 17 34 
6 19 2 35 28 21 
1 4 29 18 33 16 
10 7 12 27 22 25 
13 30 9 24 15 32 
8 11 14 31 26 23 

88. øešení (Backtracking)
3 0 5 20 17 34 
6 19 2 35 26 21 
1 4 25 18 33 16 
10 7 12 29 22 27 
13 30 9 24 15 32 
8 11 14 31 28 23 

89. øešení (Backtracking)
3 0 5 14 23 34 
6 15 2 35 12 21 
1 4 13 22 33 24 
16 7 26 29 20 11 
27 30 9 18 25 32 
8 17 28 31 10 19 

90. øešení (Backtracking)
3 0 5 14 23 34 
6 15 2 35 12 21 
1 4 13 22 33 24 
16 7 28 31 20 11 
27 30 9 18 25 32 
8 17 26 29 10 19 

91. øešení (Backtracking)
3 0 5 14 17 34 
6 23 2 35 12 15 
1 4 13 16 33 18 
24 7 22 31 28 11 
21 30 9 26 19 32 
8 25 20 29 10 27 

92. øešení (Backtracking)
3 0 5 14 27 34 
6 21 2 35 12 15 
1 4 13 26 33 28 
20 7 22 29 16 11 
23 30 9 18 25 32 
8 19 24 31 10 17 

93. øešení (Backtracking)
3 0 5 14 23 34 
6 21 2 35 12 15 
1 4 13 22 33 24 
20 7 26 29 16 11 
27 30 9 18 25 32 
8 19 28 31 10 17 

94. øešení (Backtracking)
3 0 5 14 23 34 
6 21 2 35 12 15 
1 4 13 22 33 24 
20 7 28 31 16 11 
27 30 9 18 25 32 
8 19 26 29 10 17 

95. øešení (Backtracking)
3 0 5 16 19 34 
6 15 2 35 12 17 
1 4 13 18 33 20 
14 7 24 31 28 11 
23 30 9 26 21 32 
8 25 22 29 10 27 

96. øešení (Backtracking)
3 0 5 16 27 34 
6 15 2 35 12 17 
1 4 13 26 33 28 
14 7 22 29 18 11 
23 30 9 20 25 32 
8 21 24 31 10 19 

97. øešení (Backtracking)
3 0 5 20 27 34 
6 21 2 35 12 19 
1 4 13 26 33 28 
14 7 22 29 18 11 
23 30 9 16 25 32 
8 15 24 31 10 17 

98. øešení (Backtracking)
3 0 5 20 23 34 
6 21 2 35 12 19 
1 4 13 22 33 24 
14 7 26 29 18 11 
27 30 9 16 25 32 
8 15 28 31 10 17 

99. øešení (Backtracking)
3 0 5 20 23 34 
6 21 2 35 12 19 
1 4 13 22 33 24 
14 7 28 31 18 11 
27 30 9 16 25 32 
8 15 26 29 10 17 

100. øešení (Backtracking)
3 0 5 24 21 34 
6 25 2 35 12 23 
1 4 13 22 33 20 
26 7 18 15 30 11 
17 14 9 28 19 32 
8 27 16 31 10 29 

101. øešení (Backtracking)
3 0 5 24 27 34 
6 23 2 35 12 25 
1 4 13 26 33 28 
22 7 32 15 18 11 
31 14 9 20 29 16 
8 21 30 17 10 19 

102. øešení (Backtracking)
3 0 5 32 29 34 
6 23 2 35 12 31 
1 4 13 30 33 28 
22 7 24 15 18 11 
25 14 9 20 27 16 
8 21 26 17 10 19 

103. øešení (Backtracking)
3 0 5 32 23 34 
6 31 2 35 12 25 
1 4 13 24 33 22 
30 7 18 15 26 11 
19 14 9 28 21 16 
8 29 20 17 10 27 

104. øešení (Backtracking)
3 0 5 32 23 34 
6 25 2 35 12 31 
1 4 13 24 33 22 
26 7 18 15 30 11 
19 14 9 28 21 16 
8 27 20 17 10 29 

105. øešení (Backtracking)
3 0 5 32 19 34 
6 25 2 35 12 31 
1 4 13 20 33 18 
26 7 24 17 30 11 
23 14 9 28 21 16 
8 27 22 15 10 29 

106. øešení (Backtracking)
3 0 5 28 19 34 
6 27 2 35 12 29 
1 4 13 20 33 18 
26 7 24 17 30 11 
23 14 9 32 21 16 
8 25 22 15 10 31 

107. øešení (Backtracking)
3 0 5 32 23 34 
6 31 2 35 12 25 
1 4 13 24 33 22 
30 7 20 17 26 11 
19 14 9 28 21 16 
8 29 18 15 10 27 

108. øešení (Backtracking)
3 0 5 32 23 34 
6 25 2 35 12 31 
1 4 13 24 33 22 
26 7 20 17 30 11 
19 14 9 28 21 16 
8 27 18 15 10 29 

109. øešení (Backtracking)
3 0 5 22 25 34 
6 21 2 35 12 23 
1 4 13 24 33 26 
20 7 28 31 16 11 
29 14 9 18 27 32 
8 19 30 15 10 17 

110. øešení (Backtracking)
3 0 5 18 27 34 
6 19 2 35 12 17 
1 4 13 26 33 28 
20 7 22 29 16 11 
23 30 9 14 25 32 
8 21 24 31 10 15 

111. øešení (Backtracking)
3 0 5 20 23 34 
6 19 2 35 12 21 
1 4 13 22 33 24 
18 7 26 29 14 11 
27 30 9 16 25 32 
8 17 28 31 10 15 

112. øešení (Backtracking)
3 0 5 20 23 34 
6 19 2 35 12 21 
1 4 13 22 33 24 
18 7 28 31 14 11 
27 30 9 16 25 32 
8 17 26 29 10 15 

113. øešení (Backtracking)
3 0 5 22 15 34 
6 21 2 35 12 23 
1 4 29 16 33 14 
28 7 20 13 24 11 
19 30 9 26 17 32 
8 27 18 31 10 25 

114. øešení (Backtracking)
3 0 5 28 15 34 
6 21 2 35 12 27 
1 4 29 16 33 14 
22 7 20 13 26 11 
19 30 9 24 17 32 
8 23 18 31 10 25 

115. øešení (Backtracking)
3 0 5 26 15 34 
6 27 2 35 12 25 
1 4 29 16 33 14 
28 7 20 13 24 11 
19 30 9 22 17 32 
8 21 18 31 10 23 

116. øešení (Backtracking)
3 0 5 24 15 34 
6 23 2 35 12 25 
1 4 29 16 33 14 
22 7 20 13 26 11 
19 30 9 28 17 32 
8 21 18 31 10 27 

117. øešení (Backtracking)
3 0 5 16 25 34 
6 17 2 35 12 23 
1 4 15 24 33 26 
18 7 30 13 22 11 
29 14 9 20 27 32 
8 19 28 31 10 21 

118. øešení (Backtracking)
3 0 5 16 19 34 
6 25 2 35 12 17 
1 4 15 18 33 20 
26 7 24 13 30 11 
23 14 9 28 21 32 
8 27 22 31 10 29 

119. øešení (Backtracking)
3 0 5 16 25 34 
6 23 2 35 12 17 
1 4 15 24 33 26 
22 7 30 13 18 11 
29 14 9 20 27 32 
8 21 28 31 10 19 

120. øešení (Backtracking)
3 0 5 18 21 34 
6 17 2 35 12 19 
1 4 15 20 33 22 
16 7 26 13 30 11 
25 14 9 28 23 32 
8 27 24 31 10 29 

121. øešení (Backtracking)
3 0 5 22 25 34 
6 23 2 35 12 21 
1 4 15 24 33 26 
16 7 30 13 20 11 
29 14 9 18 27 32 
8 17 28 31 10 19 

122. øešení (Backtracking)
3 0 5 22 25 34 
6 21 2 35 12 23 
1 4 15 24 33 26 
20 7 30 13 16 11 
29 14 9 18 27 32 
8 19 28 31 10 17 

123. øešení (Backtracking)
3 0 5 28 25 18 
6 29 2 19 12 27 
1 4 35 26 17 24 
30 7 20 13 34 11 
21 14 9 32 23 16 
8 31 22 15 10 33 

124. øešení (Backtracking)
3 0 5 34 25 18 
6 33 2 19 12 27 
1 4 35 26 17 24 
32 7 20 13 28 11 
21 14 9 30 23 16 
8 31 22 15 10 29 

125. øešení (Backtracking)
3 0 5 28 25 18 
6 27 2 19 12 29 
1 4 35 26 17 24 
34 7 20 13 30 11 
21 14 9 32 23 16 
8 33 22 15 10 31 

126. øešení (Backtracking)
3 0 5 34 25 18 
6 27 2 19 12 33 
1 4 35 26 17 24 
28 7 20 13 32 11 
21 14 9 30 23 16 
8 29 22 15 10 31 

127. øešení (Backtracking)
3 0 5 32 29 18 
6 33 2 19 12 31 
1 4 35 30 17 28 
34 7 24 13 20 11 
25 14 9 22 27 16 
8 23 26 15 10 21 

128. øešení (Backtracking)
3 0 5 34 31 18 
6 25 2 19 12 33 
1 4 35 32 17 30 
24 7 26 13 20 11 
27 14 9 22 29 16 
8 23 28 15 10 21 

129. øešení (Backtracking)
3 0 5 28 21 18 
6 27 2 19 12 29 
1 4 35 22 17 20 
34 7 26 13 30 11 
25 14 9 32 23 16 
8 33 24 15 10 31 

130. øešení (Backtracking)
3 0 5 34 21 18 
6 27 2 19 12 33 
1 4 35 22 17 20 
28 7 26 13 32 11 
25 14 9 30 23 16 
8 29 24 15 10 31 

131. øešení (Backtracking)
3 0 5 32 21 18 
6 33 2 19 12 31 
1 4 35 22 17 20 
34 7 26 13 30 11 
25 14 9 28 23 16 
8 27 24 15 10 29 

132. øešení (Backtracking)
3 0 5 30 21 18 
6 29 2 19 12 31 
1 4 35 22 17 20 
28 7 26 13 32 11 
25 14 9 34 23 16 
8 27 24 15 10 33 

133. øešení (Backtracking)
3 0 5 22 19 30 
6 23 2 29 12 21 
1 4 35 20 31 18 
24 7 16 13 28 11 
15 34 9 26 17 32 
8 25 14 33 10 27 

134. øešení (Backtracking)
3 0 5 22 19 34 
6 23 2 35 12 21 
1 4 29 20 33 18 
24 7 16 13 28 11 
15 30 9 26 17 32 
8 25 14 31 10 27 

135. øešení (Backtracking)
3 0 5 28 19 34 
6 27 2 35 12 21 
1 4 29 20 33 18 
26 7 16 13 22 11 
15 30 9 24 17 32 
8 25 14 31 10 23 

136. øešení (Backtracking)
3 0 5 22 19 34 
6 21 2 35 12 23 
1 4 29 20 33 18 
28 7 16 13 24 11 
15 30 9 26 17 32 
8 27 14 31 10 25 

137. øešení (Backtracking)
3 0 5 28 19 34 
6 21 2 35 12 27 
1 4 29 20 33 18 
22 7 16 13 26 11 
15 30 9 24 17 32 
8 23 14 31 10 25 

138. øešení (Backtracking)
3 0 5 26 23 16 
6 27 2 17 12 25 
1 4 35 24 15 22 
28 7 18 13 32 11 
19 34 9 30 21 14 
8 29 20 33 10 31 

139. øešení (Backtracking)
3 0 5 24 27 16 
6 23 2 17 12 25 
1 4 35 26 15 28 
22 7 32 13 18 11 
31 34 9 20 29 14 
8 21 30 33 10 19 

140. øešení (Backtracking)
3 0 5 18 27 34 
6 19 2 35 12 25 
1 4 17 26 33 28 
20 7 32 13 24 11 
31 16 9 22 29 14 
8 21 30 15 10 23 

141. øešení (Backtracking)
3 0 5 18 27 34 
6 19 2 35 12 29 
1 4 17 28 33 26 
20 7 22 13 30 11 
23 16 9 32 25 14 
8 21 24 15 10 31 

142. øešení (Backtracking)
3 0 5 18 27 34 
6 25 2 35 12 19 
1 4 17 26 33 28 
24 7 32 13 20 11 
31 16 9 22 29 14 
8 23 30 15 10 21 

143. øešení (Backtracking)
3 0 5 32 21 34 
6 19 2 35 12 31 
1 4 17 20 33 22 
18 7 26 13 30 11 
25 16 9 28 23 14 
8 27 24 15 10 29 

144. øešení (Backtracking)
3 0 5 24 27 34 
6 25 2 35 12 23 
1 4 17 26 33 28 
18 7 32 13 22 11 
31 16 9 20 29 14 
8 19 30 15 10 21 

145. øešení (Backtracking)
3 0 5 32 25 34 
6 31 2 35 12 23 
1 4 17 24 33 26 
18 7 30 13 22 11 
29 16 9 20 27 14 
8 19 28 15 10 21 

146. øešení (Backtracking)
3 0 5 28 25 34 
6 27 2 35 12 29 
1 4 17 26 33 24 
18 7 20 13 30 11 
21 16 9 32 23 14 
8 19 22 15 10 31 

147. øešení (Backtracking)
3 0 5 32 23 34 
6 31 2 35 12 21 
1 4 17 22 33 24 
30 7 28 13 20 11 
27 16 9 18 25 14 
8 29 26 15 10 19 

148. øešení (Backtracking)
3 0 5 24 27 34 
6 23 2 35 12 25 
1 4 17 26 33 28 
22 7 32 13 18 11 
31 16 9 20 29 14 
8 21 30 15 10 19 

149. øešení (Backtracking)
3 0 5 32 29 34 
6 23 2 35 12 31 
1 4 17 30 33 28 
22 7 24 13 18 11 
25 16 9 20 27 14 
8 21 26 15 10 19 

150. øešení (Backtracking)
3 0 5 20 13 34 
6 19 2 35 28 21 
1 4 27 12 33 14 
26 7 18 29 22 11 
17 30 9 24 15 32 
8 25 16 31 10 23 

151. øešení (Backtracking)
3 0 5 26 13 34 
6 19 2 35 28 25 
1 4 27 12 33 14 
20 7 18 29 24 11 
17 30 9 22 15 32 
8 21 16 31 10 23 

152. øešení (Backtracking)
3 0 5 24 13 34 
6 25 2 35 28 23 
1 4 27 12 33 14 
26 7 18 29 22 11 
17 30 9 20 15 32 
8 19 16 31 10 21 

153. øešení (Backtracking)
3 0 5 22 13 34 
6 21 2 35 28 23 
1 4 27 12 33 14 
20 7 18 29 24 11 
17 30 9 26 15 32 
8 19 16 31 10 25 

154. øešení (Backtracking)
3 0 5 16 25 28 
6 17 2 27 34 15 
1 4 35 24 29 26 
18 7 20 33 14 11 
21 32 9 12 23 30 
8 19 22 31 10 13 

155. øešení (Backtracking)
3 0 5 16 25 34 
6 17 2 35 28 15 
1 4 29 24 33 26 
18 7 20 27 14 11 
21 30 9 12 23 32 
8 19 22 31 10 13 

156. øešení (Backtracking)
3 0 5 16 19 34 
6 17 2 35 28 15 
1 4 27 18 33 20 
26 7 24 29 14 11 
23 30 9 12 21 32 
8 25 22 31 10 13 

157. øešení (Backtracking)
3 0 5 26 17 34 
6 25 2 35 28 15 
1 4 27 16 33 18 
24 7 22 29 14 11 
21 30 9 12 19 32 
8 23 20 31 10 13 

158. øešení (Backtracking)
3 0 5 22 13 34 
6 21 2 35 28 23 
1 4 29 14 33 12 
20 7 18 11 24 27 
17 30 9 26 15 32 
8 19 16 31 10 25 

159. øešení (Backtracking)
3 0 5 22 15 34 
6 21 2 35 12 23 
1 4 29 14 33 16 
28 7 20 11 24 13 
19 30 9 26 17 32 
8 27 18 31 10 25 

160. øešení (Backtracking)
3 0 5 28 15 34 
6 21 2 35 12 27 
1 4 29 14 33 16 
22 7 20 11 26 13 
19 30 9 24 17 32 
8 23 18 31 10 25 

161. øešení (Backtracking)
3 0 5 26 15 34 
6 27 2 35 12 25 
1 4 29 14 33 16 
28 7 20 11 24 13 
19 30 9 22 17 32 
8 21 18 31 10 23 

162. øešení (Backtracking)
3 0 5 24 15 34 
6 23 2 35 12 25 
1 4 29 14 33 16 
22 7 20 11 26 13 
19 30 9 28 17 32 
8 21 18 31 10 27 

163. øešení (Backtracking)
3 0 5 18 27 30 
6 19 2 29 12 17 
1 4 35 26 31 28 
20 7 22 11 16 13 
23 34 9 14 25 32 
8 21 24 33 10 15 

164. øešení (Backtracking)
3 0 5 18 21 34 
6 19 2 35 12 17 
1 4 29 20 33 22 
28 7 26 11 16 13 
25 30 9 14 23 32 
8 27 24 31 10 15 

165. øešení (Backtracking)
3 0 5 28 19 34 
6 27 2 35 12 17 
1 4 29 18 33 20 
26 7 24 11 16 13 
23 30 9 14 21 32 
8 25 22 31 10 15 

166. øešení (Backtracking)
3 0 5 28 19 16 
6 27 2 17 34 29 
1 4 35 20 15 18 
26 7 24 11 30 33 
23 12 9 32 21 14 
8 25 22 13 10 31 

167. øešení (Backtracking)
3 0 5 32 19 34 
6 25 2 35 16 31 
1 4 15 18 33 20 
26 7 24 11 30 17 
23 14 9 28 21 12 
8 27 22 13 10 29 

168. øešení (Backtracking)
3 0 5 28 19 34 
6 27 2 35 16 29 
1 4 15 18 33 20 
26 7 24 11 30 17 
23 14 9 32 21 12 
8 25 22 13 10 31 

169. øešení (Backtracking)
3 0 5 32 23 34 
6 31 2 35 16 21 
1 4 15 22 33 24 
30 7 28 11 20 17 
27 14 9 18 25 12 
8 29 26 13 10 19 

170. øešení (Backtracking)
3 0 5 20 11 34 
6 19 2 35 8 21 
1 4 7 10 33 12 
18 25 16 29 22 9 
15 30 27 24 13 32 
26 17 14 31 28 23 

171. øešení (Backtracking)
3 0 5 14 23 34 
6 15 2 35 8 13 
1 4 7 24 33 22 
16 25 18 29 12 9 
19 30 27 10 21 32 
26 17 20 31 28 11 

172. øešení (Backtracking)
3 0 5 22 19 34 
6 23 2 35 8 21 
1 4 7 20 33 18 
24 13 16 31 28 9 
15 30 11 26 17 32 
12 25 14 29 10 27 

173. øešení (Backtracking)
3 0 5 18 27 34 
6 19 2 35 8 17 
1 4 7 26 33 28 
20 13 22 29 16 9 
23 30 11 14 25 32 
12 21 24 31 10 15 

174. øešení (Backtracking)
3 0 5 8 17 34 
6 9 2 35 28 15 
1 4 7 16 33 18 
10 23 20 29 14 27 
21 30 25 12 19 32 
24 11 22 31 26 13 

175. øešení (Backtracking)
3 0 5 8 17 34 
6 9 2 35 28 19 
1 4 7 18 33 16 
10 23 12 29 20 27 
13 30 25 22 15 32 
24 11 14 31 26 21 

176. øešení (Backtracking)
3 0 5 8 21 34 
6 15 2 35 28 9 
1 4 7 22 33 20 
14 23 16 29 10 27 
17 30 25 12 19 32 
24 13 18 31 26 11 

177. øešení (Backtracking)
3 0 5 8 17 34 
6 15 2 35 28 9 
1 4 7 16 33 18 
14 23 20 29 10 27 
21 30 25 12 19 32 
24 13 22 31 26 11 

178. øešení (Backtracking)
3 0 5 10 21 34 
6 9 2 35 28 11 
1 4 7 22 33 20 
8 23 16 29 12 27 
17 30 25 14 19 32 
24 15 18 31 26 13 

179. øešení (Backtracking)
3 0 5 14 21 34 
6 15 2 35 28 13 
1 4 7 22 33 20 
8 23 16 29 12 27 
17 30 25 10 19 32 
24 9 18 31 26 11 

180. øešení (Backtracking)
3 0 5 14 17 34 
6 15 2 35 28 13 
1 4 7 16 33 18 
8 23 20 29 12 27 
21 30 25 10 19 32 
24 9 22 31 26 11 

181. øešení (Backtracking)
3 0 5 18 15 34 
6 17 2 35 28 19 
1 4 7 16 33 14 
8 23 10 29 20 27 
11 30 25 22 13 32 
24 9 12 31 26 21 

182. øešení (Backtracking)
3 0 5 24 21 34 
6 25 2 35 10 23 
1 4 7 22 33 20 
26 15 18 9 30 11 
17 8 13 28 19 32 
14 27 16 31 12 29 

183. øešení (Backtracking)
3 0 5 32 19 34 
6 25 2 35 12 31 
1 4 7 18 33 20 
26 17 24 11 30 13 
23 8 15 28 21 10 
16 27 22 9 14 29 

184. øešení (Backtracking)
3 0 5 28 19 34 
6 27 2 35 12 29 
1 4 7 18 33 20 
26 17 24 11 30 13 
23 8 15 32 21 10 
16 25 22 9 14 31 

185. øešení (Backtracking)
3 0 5 32 23 34 
6 31 2 35 12 25 
1 4 7 24 33 22 
30 17 20 11 26 13 
19 8 15 28 21 10 
16 29 18 9 14 27 

186. øešení (Backtracking)
3 0 5 32 23 34 
6 25 2 35 12 31 
1 4 7 24 33 22 
26 17 20 11 30 13 
19 8 15 28 21 10 
16 27 18 9 14 29 

187. øešení (Backtracking)
3 0 5 32 23 34 
6 31 2 35 12 21 
1 4 7 22 33 24 
30 17 28 11 20 13 
27 8 15 18 25 10 
16 29 26 9 14 19 

188. øešení (Backtracking)
3 0 5 16 19 34 
6 15 2 35 30 17 
1 4 7 18 33 20 
14 25 22 31 10 29 
23 8 27 12 21 32 
26 13 24 9 28 11 

189. øešení (Backtracking)
3 0 5 12 21 34 
6 13 2 35 28 11 
1 4 7 22 33 20 
14 23 16 29 10 27 
17 30 25 8 19 32 
24 15 18 31 26 9 

190. øešení (Backtracking)
3 0 5 14 17 34 
6 13 2 35 28 15 
1 4 7 16 33 18 
12 23 20 29 8 27 
21 30 25 10 19 32 
24 11 22 31 26 9 

191. øešení (Backtracking)
3 0 5 14 7 34 
22 13 2 35 28 15 
1 4 21 6 33 8 
20 23 12 29 16 27 
11 30 25 18 9 32 
24 19 10 31 26 17 

192. øešení (Backtracking)
3 0 5 14 7 34 
24 13 2 35 26 15 
1 4 25 6 33 8 
20 23 12 29 16 27 
11 30 21 18 9 32 
22 19 10 31 28 17 

193. øešení (Backtracking)
3 0 5 20 7 34 
22 13 2 35 28 19 
1 4 21 6 33 8 
14 23 12 29 18 27 
11 30 25 16 9 32 
24 15 10 31 26 17 

194. øešení (Backtracking)
3 0 5 18 7 34 
22 19 2 35 28 17 
1 4 21 6 33 8 
20 23 12 29 16 27 
11 30 25 14 9 32 
24 13 10 31 26 15 

195. øešení (Backtracking)
3 0 5 18 7 34 
24 19 2 35 26 17 
1 4 25 6 33 8 
20 23 12 29 16 27 
11 30 21 14 9 32 
22 13 10 31 28 15 

196. øešení (Backtracking)
3 0 5 16 7 34 
24 15 2 35 22 17 
1 4 23 6 33 8 
14 25 12 29 18 21 
11 30 27 20 9 32 
26 13 10 31 28 19 

197. øešení (Backtracking)
3 0 5 16 7 34 
28 15 2 35 22 17 
1 4 29 6 33 8 
14 27 12 23 18 21 
11 30 25 20 9 32 
26 13 10 31 24 19 

198. øešení (Backtracking)
3 0 5 16 7 34 
26 15 2 35 28 17 
1 4 27 6 33 8 
14 25 12 29 18 21 
11 30 23 20 9 32 
24 13 10 31 22 19 

199. øešení (Backtracking)
3 0 5 16 7 34 
22 15 2 35 28 17 
1 4 21 6 33 8 
14 23 12 29 18 27 
11 30 25 20 9 32 
24 13 10 31 26 19 

200. øešení (Backtracking)
3 0 5 22 13 34 
8 21 2 35 6 23 
1 4 7 12 33 14 
20 9 18 29 24 27 
17 30 11 26 15 32 
10 19 16 31 28 25 

201. øešení (Backtracking)
3 0 5 14 25 34 
8 13 2 35 6 15 
1 4 7 26 33 24 
12 9 20 29 16 27 
21 30 11 18 23 32 
10 19 22 31 28 17 

202. øešení (Backtracking)
3 0 5 18 25 34 
8 19 2 35 6 17 
1 4 7 26 33 24 
12 9 20 29 16 27 
21 30 11 14 23 32 
10 13 22 31 28 15 

203. øešení (Backtracking)
3 0 5 22 19 34 
8 21 2 35 6 23 
1 4 7 20 33 18 
12 9 14 29 24 27 
15 30 11 26 17 32 
10 13 16 31 28 25 

204. øešení (Backtracking)
3 0 5 18 27 34 
8 19 2 35 6 17 
1 4 7 26 33 28 
20 9 22 29 16 13 
23 30 11 14 25 32 
10 21 24 31 12 15 

205. øešení (Backtracking)
3 0 5 18 9 34 
28 17 2 35 6 19 
1 4 29 10 33 8 
16 27 14 7 20 23 
13 30 25 22 11 32 
26 15 12 31 24 21 

206. øešení (Backtracking)
3 0 5 24 15 12 
34 23 2 13 6 25 
1 4 35 16 11 14 
22 33 20 7 26 29 
19 8 31 28 17 10 
32 21 18 9 30 27 

207. øešení (Backtracking)
3 0 5 18 11 34 
28 17 2 35 6 19 
1 4 29 10 33 12 
24 27 16 7 20 9 
15 30 25 22 13 32 
26 23 14 31 8 21 

208. øešení (Backtracking)
3 0 5 22 11 34 
28 23 2 35 6 21 
1 4 29 10 33 12 
24 27 16 7 20 9 
15 30 25 18 13 32 
26 17 14 31 8 19 

209. øešení (Backtracking)
3 0 5 14 23 34 
28 15 2 35 6 13 
1 4 29 24 33 22 
16 27 18 7 12 9 
19 30 25 10 21 32 
26 17 20 31 8 11 

210. øešení (Backtracking)
3 0 5 14 17 34 
28 15 2 35 6 13 
1 4 29 16 33 18 
24 27 22 7 12 9 
21 30 25 10 19 32 
26 23 20 31 8 11 

211. øešení (Backtracking)
3 0 5 32 19 34 
12 25 2 35 6 31 
1 4 11 18 33 20 
26 13 24 7 30 17 
23 10 15 28 21 8 
14 27 22 9 16 29 

212. øešení (Backtracking)
3 0 5 28 19 34 
12 27 2 35 6 29 
1 4 11 18 33 20 
26 13 24 7 30 17 
23 10 15 32 21 8 
14 25 22 9 16 31 

213. øešení (Backtracking)
3 0 5 32 23 34 
12 31 2 35 6 21 
1 4 11 22 33 24 
30 13 28 7 20 17 
27 10 15 18 25 8 
14 29 26 9 16 19 

214. øešení (Backtracking)
3 0 5 16 9 34 
24 15 2 35 6 17 
1 4 23 8 33 10 
22 25 14 29 18 7 
13 30 27 20 11 32 
26 21 12 31 28 19 

215. øešení (Backtracking)
3 0 5 22 9 34 
24 15 2 35 6 21 
1 4 23 8 33 10 
16 25 14 29 20 7 
13 30 27 18 11 32 
26 17 12 31 28 19 

216. øešení (Backtracking)
3 0 5 20 9 34 
24 21 2 35 6 19 
1 4 23 8 33 10 
22 25 14 29 18 7 
13 30 27 16 11 32 
26 15 12 31 28 17 

217. øešení (Backtracking)
3 0 5 18 9 34 
24 17 2 35 6 19 
1 4 23 8 33 10 
16 25 14 29 20 7 
13 30 27 22 11 32 
26 15 12 31 28 21 

218. øešení (Backtracking)
3 0 5 12 21 24 
34 13 2 23 6 11 
1 4 35 20 25 22 
14 33 16 29 10 7 
17 28 31 8 19 26 
32 15 18 27 30 9 

219. øešení (Backtracking)
3 0 5 12 21 34 
28 13 2 35 6 11 
1 4 29 20 33 22 
14 27 16 23 10 7 
17 30 25 8 19 32 
26 15 18 31 24 9 

220. øešení (Backtracking)
3 0 5 12 15 34 
24 13 2 35 6 11 
1 4 23 14 33 16 
22 25 20 29 10 7 
19 30 27 8 17 32 
26 21 18 31 28 9 

221. øešení (Backtracking)
3 0 5 22 13 34 
24 21 2 35 6 11 
1 4 23 12 33 14 
20 25 18 29 10 7 
17 30 27 8 15 32 
26 19 16 31 28 9 

222. øešení (Backtracking)
3 0 5 18 11 34 
28 17 2 35 6 19 
1 4 29 12 33 10 
24 27 16 9 20 7 
15 30 25 22 13 32 
26 23 14 31 8 21 

223. øešení (Backtracking)
3 0 5 22 11 34 
28 23 2 35 6 21 
1 4 29 12 33 10 
24 27 16 9 20 7 
15 30 25 18 13 32 
26 17 14 31 8 19 

224. øešení (Backtracking)
3 0 5 22 25 34 
12 21 2 35 6 23 
1 4 11 24 33 26 
20 13 30 9 16 7 
29 10 15 18 27 32 
14 19 28 31 8 17 

225. øešení (Backtracking)
3 0 5 18 21 34 
12 17 2 35 6 19 
1 4 11 20 33 22 
16 13 26 9 30 7 
25 10 15 28 23 32 
14 27 24 31 8 29 

226. øešení (Backtracking)
3 0 5 22 25 34 
12 23 2 35 6 21 
1 4 11 24 33 26 
16 13 30 9 20 7 
29 10 15 18 27 32 
14 17 28 31 8 19 

227. øešení (Backtracking)
3 0 5 24 21 14 
34 25 2 15 6 23 
1 4 35 22 13 20 
26 33 16 9 30 7 
17 10 31 28 19 12 
32 27 18 11 8 29 

228. øešení (Backtracking)
3 0 5 24 21 14 
34 23 2 15 6 25 
1 4 35 22 13 20 
30 33 16 9 26 7 
17 10 31 28 19 12 
32 29 18 11 8 27 

229. øešení (Backtracking)
3 0 5 28 25 14 
34 29 2 15 6 27 
1 4 35 26 13 24 
30 33 20 9 16 7 
21 10 31 18 23 12 
32 19 22 11 8 17 

230. øešení (Backtracking)
3 0 5 24 17 14 
34 23 2 15 6 25 
1 4 35 18 13 16 
30 33 22 9 26 7 
21 10 31 28 19 12 
32 29 20 11 8 27 

231. øešení (Backtracking)
3 0 5 28 17 14 
34 29 2 15 6 27 
1 4 35 18 13 16 
30 33 22 9 26 7 
21 10 31 24 19 12 
32 23 20 11 8 25 

232. øešení (Backtracking)
3 0 5 18 15 34 
28 19 2 35 6 17 
1 4 29 16 33 14 
20 27 12 9 24 7 
11 30 25 22 13 32 
26 21 10 31 8 23 

233. øešení (Backtracking)
3 0 5 18 15 34 
28 17 2 35 6 19 
1 4 29 16 33 14 
24 27 12 9 20 7 
11 30 25 22 13 32 
26 23 10 31 8 21 

234. øešení (Backtracking)
3 0 5 24 27 34 
14 23 2 35 6 25 
1 4 13 26 33 28 
22 15 32 9 18 7 
31 12 17 20 29 10 
16 21 30 11 8 19 

235. øešení (Backtracking)
3 0 5 32 29 34 
14 23 2 35 6 31 
1 4 13 30 33 28 
22 15 24 9 18 7 
25 12 17 20 27 10 
16 21 26 11 8 19 

236. øešení (Backtracking)
3 0 5 32 19 34 
14 25 2 35 6 31 
1 4 13 18 33 20 
26 15 24 9 30 7 
23 12 17 28 21 10 
16 27 22 11 8 29 

237. øešení (Backtracking)
3 0 5 28 19 34 
14 27 2 35 6 29 
1 4 13 18 33 20 
26 15 24 9 30 7 
23 12 17 32 21 10 
16 25 22 11 8 31 

238. øešení (Backtracking)
3 0 5 32 21 34 
14 19 2 35 6 31 
1 4 13 20 33 22 
18 15 26 9 30 7 
25 12 17 28 23 10 
16 27 24 11 8 29 

239. øešení (Backtracking)
3 0 5 24 27 34 
14 25 2 35 6 23 
1 4 13 26 33 28 
18 15 32 9 22 7 
31 12 17 20 29 10 
16 19 30 11 8 21 

240. øešení (Backtracking)
3 0 5 32 25 34 
14 31 2 35 6 23 
1 4 13 24 33 26 
18 15 30 9 22 7 
29 12 17 20 27 10 
16 19 28 11 8 21 

241. øešení (Backtracking)
3 0 5 28 25 34 
14 27 2 35 6 29 
1 4 13 26 33 24 
18 15 20 9 30 7 
21 12 17 32 23 10 
16 19 22 11 8 31 

242. øešení (Backtracking)
3 0 5 14 23 34 
12 15 2 35 6 21 
1 4 13 22 33 24 
16 11 26 29 20 7 
27 30 9 18 25 32 
10 17 28 31 8 19 

243. øešení (Backtracking)
3 0 5 14 23 34 
12 15 2 35 6 21 
1 4 13 22 33 24 
16 11 28 31 20 7 
27 30 9 18 25 32 
10 17 26 29 8 19 

244. øešení (Backtracking)
3 0 5 14 17 34 
12 23 2 35 6 15 
1 4 13 16 33 18 
24 11 22 31 28 7 
21 30 9 26 19 32 
10 25 20 29 8 27 

245. øešení (Backtracking)
3 0 5 14 27 34 
12 21 2 35 6 15 
1 4 13 26 33 28 
20 11 22 29 16 7 
23 30 9 18 25 32 
10 19 24 31 8 17 

246. øešení (Backtracking)
3 0 5 14 23 34 
12 21 2 35 6 15 
1 4 13 22 33 24 
20 11 26 29 16 7 
27 30 9 18 25 32 
10 19 28 31 8 17 

247. øešení (Backtracking)
3 0 5 14 23 34 
12 21 2 35 6 15 
1 4 13 22 33 24 
20 11 28 31 16 7 
27 30 9 18 25 32 
10 19 26 29 8 17 

248. øešení (Backtracking)
3 0 5 16 19 34 
12 15 2 35 6 17 
1 4 13 18 33 20 
14 11 24 31 28 7 
23 30 9 26 21 32 
10 25 22 29 8 27 

249. øešení (Backtracking)
3 0 5 16 27 34 
12 15 2 35 6 17 
1 4 13 26 33 28 
14 11 22 29 18 7 
23 30 9 20 25 32 
10 21 24 31 8 19 

250. øešení (Backtracking)
3 0 5 20 27 34 
12 21 2 35 6 19 
1 4 13 26 33 28 
14 11 22 29 18 7 
23 30 9 16 25 32 
10 15 24 31 8 17 

251. øešení (Backtracking)
3 0 5 20 23 34 
12 21 2 35 6 19 
1 4 13 22 33 24 
14 11 26 29 18 7 
27 30 9 16 25 32 
10 15 28 31 8 17 

252. øešení (Backtracking)
3 0 5 20 23 34 
12 21 2 35 6 19 
1 4 13 22 33 24 
14 11 28 31 18 7 
27 30 9 16 25 32 
10 15 26 29 8 17 

253. øešení (Backtracking)
3 0 5 24 21 34 
12 25 2 35 6 23 
1 4 13 22 33 20 
26 11 18 15 30 7 
17 14 9 28 19 32 
10 27 16 31 8 29 

254. øešení (Backtracking)
3 0 5 24 27 34 
12 23 2 35 6 25 
1 4 13 26 33 28 
22 11 32 15 18 7 
31 14 9 20 29 16 
10 21 30 17 8 19 

255. øešení (Backtracking)
3 0 5 32 29 34 
12 23 2 35 6 31 
1 4 13 30 33 28 
22 11 24 15 18 7 
25 14 9 20 27 16 
10 21 26 17 8 19 

256. øešení (Backtracking)
3 0 5 32 23 34 
12 31 2 35 6 25 
1 4 13 24 33 22 
30 11 18 15 26 7 
19 14 9 28 21 16 
10 29 20 17 8 27 

257. øešení (Backtracking)
3 0 5 32 23 34 
12 25 2 35 6 31 
1 4 13 24 33 22 
26 11 18 15 30 7 
19 14 9 28 21 16 
10 27 20 17 8 29 

258. øešení (Backtracking)
3 0 5 32 19 34 
12 25 2 35 6 31 
1 4 13 20 33 18 
26 11 24 17 30 7 
23 14 9 28 21 16 
10 27 22 15 8 29 

259. øešení (Backtracking)
3 0 5 28 19 34 
12 27 2 35 6 29 
1 4 13 20 33 18 
26 11 24 17 30 7 
23 14 9 32 21 16 
10 25 22 15 8 31 

260. øešení (Backtracking)
3 0 5 32 23 34 
12 31 2 35 6 25 
1 4 13 24 33 22 
30 11 20 17 26 7 
19 14 9 28 21 16 
10 29 18 15 8 27 

261. øešení (Backtracking)
3 0 5 32 23 34 
12 25 2 35 6 31 
1 4 13 24 33 22 
26 11 20 17 30 7 
19 14 9 28 21 16 
10 27 18 15 8 29 

262. øešení (Backtracking)
3 0 5 22 25 34 
12 21 2 35 6 23 
1 4 13 24 33 26 
20 11 28 31 16 7 
29 14 9 18 27 32 
10 19 30 15 8 17 

263. øešení (Backtracking)
3 0 5 18 27 34 
12 19 2 35 6 17 
1 4 13 26 33 28 
20 11 22 29 16 7 
23 30 9 14 25 32 
10 21 24 31 8 15 

264. øešení (Backtracking)
3 0 5 20 23 34 
12 19 2 35 6 21 
1 4 13 22 33 24 
18 11 26 29 14 7 
27 30 9 16 25 32 
10 17 28 31 8 15 

265. øešení (Backtracking)
3 0 5 20 23 34 
12 19 2 35 6 21 
1 4 13 22 33 24 
18 11 28 31 14 7 
27 30 9 16 25 32 
10 17 26 29 8 15 

266. øešení (Backtracking)
3 0 33 20 23 8 
34 19 2 7 32 21 
1 4 35 22 9 24 
18 27 6 11 14 31 
5 12 29 16 25 10 
28 17 26 13 30 15 

267. øešení (Backtracking)
3 0 19 8 11 34 
20 7 2 35 18 9 
1 4 29 10 33 12 
28 21 6 15 24 17 
5 30 23 26 13 32 
22 27 14 31 16 25 

268. øešení (Backtracking)
3 0 19 8 11 30 
20 7 2 29 18 9 
1 4 35 10 31 12 
24 21 6 15 28 17 
5 34 23 26 13 32 
22 25 14 33 16 27 

269. øešení (Backtracking)
3 0 19 8 11 34 
20 7 2 35 18 9 
1 4 29 10 33 12 
24 21 6 15 28 17 
5 30 23 26 13 32 
22 25 14 31 16 27 

270. øešení (Backtracking)
3 0 25 8 11 34 
24 7 2 35 26 9 
1 4 23 10 33 12 
22 15 6 29 18 27 
5 30 17 20 13 32 
16 21 14 31 28 19 

271. øešení (Backtracking)
3 0 33 8 11 24 
34 7 2 23 32 9 
1 4 35 10 25 12 
18 15 6 29 22 31 
5 28 17 20 13 26 
16 19 14 27 30 21 

272. øešení (Backtracking)
3 0 25 8 11 34 
24 7 2 35 26 9 
1 4 23 10 33 12 
18 15 6 29 22 27 
5 30 17 20 13 32 
16 19 14 31 28 21 

273. øešení (Backtracking)
3 0 27 8 11 34 
26 7 2 35 28 9 
1 4 25 10 33 12 
18 15 6 31 22 29 
5 24 17 20 13 32 
16 19 14 23 30 21 

274. øešení (Backtracking)
3 0 21 8 11 34 
22 7 2 35 20 9 
1 4 23 10 33 12 
24 15 6 31 28 19 
5 30 17 26 13 32 
16 25 14 29 18 27 

275. øešení (Backtracking)
3 0 17 8 25 34 
18 7 2 35 16 9 
1 4 15 24 33 26 
14 19 6 29 10 23 
5 30 21 12 27 32 
20 13 28 31 22 11 

276. øešení (Backtracking)
3 0 23 8 25 34 
22 7 2 35 16 9 
1 4 15 24 33 26 
14 21 6 29 10 17 
5 30 19 12 27 32 
20 13 28 31 18 11 

277. øešení (Backtracking)
3 0 17 8 19 34 
16 7 2 35 28 9 
1 4 15 18 33 20 
14 23 6 29 10 27 
5 30 25 12 21 32 
24 13 22 31 26 11 

278. øešení (Backtracking)
3 0 17 8 21 34 
16 7 2 35 18 9 
1 4 15 20 33 22 
14 25 6 29 10 19 
5 30 27 12 23 32 
26 13 24 31 28 11 

279. øešení (Backtracking)
3 0 17 8 25 34 
16 7 2 35 18 9 
1 4 15 24 33 26 
14 23 6 29 10 19 
5 30 21 12 27 32 
22 13 28 31 20 11 

280. øešení (Backtracking)
3 0 17 8 27 34 
16 7 2 35 18 9 
1 4 15 26 33 28 
14 23 6 29 10 19 
5 30 21 12 25 32 
22 13 24 31 20 11 

281. øešení (Backtracking)
3 0 23 8 25 34 
16 7 2 35 22 9 
1 4 15 24 33 26 
14 17 6 29 10 21 
5 30 19 12 27 32 
18 13 28 31 20 11 

282. øešení (Backtracking)
3 0 27 8 19 34 
28 7 2 35 26 9 
1 4 29 18 33 20 
14 17 6 23 10 25 
5 30 15 12 21 32 
16 13 22 31 24 11 

283. øešení (Backtracking)
3 0 19 8 21 34 
18 7 2 35 28 9 
1 4 29 20 33 22 
14 17 6 25 10 27 
5 30 15 12 23 32 
16 13 24 31 26 11 

284. øešení (Backtracking)
3 0 19 8 27 30 
18 7 2 29 20 9 
1 4 35 26 31 28 
14 17 6 23 10 21 
5 34 15 12 25 32 
16 13 24 33 22 11 

285. øešení (Backtracking)
3 0 23 8 21 34 
24 7 2 35 26 9 
1 4 25 22 33 20 
14 17 6 29 10 27 
5 30 15 12 19 32 
16 13 18 31 28 11 

286. øešení (Backtracking)
3 0 27 8 21 34 
28 7 2 35 26 9 
1 4 29 22 33 20 
14 17 6 25 10 23 
5 30 15 12 19 32 
16 13 18 31 24 11 

287. øešení (Backtracking)
3 0 33 8 21 24 
34 7 2 23 32 9 
1 4 35 20 25 22 
14 17 6 29 10 31 
5 28 15 12 19 26 
16 13 18 27 30 11 

288. øešení (Backtracking)
3 0 27 8 21 34 
28 7 2 35 26 9 
1 4 29 20 33 22 
14 17 6 23 10 25 
5 30 15 12 19 32 
16 13 18 31 24 11 

289. øešení (Backtracking)
3 0 17 14 25 34 
18 7 2 35 16 13 
1 4 15 24 33 26 
8 19 6 29 12 23 
5 30 21 10 27 32 
20 9 28 31 22 11 

290. øešení (Backtracking)
3 0 23 14 25 34 
22 7 2 35 16 13 
1 4 15 24 33 26 
8 21 6 29 12 17 
5 30 19 10 27 32 
20 9 28 31 18 11 

291. øešení (Backtracking)
3 0 17 14 19 34 
16 7 2 35 28 13 
1 4 15 18 33 20 
8 23 6 29 12 27 
5 30 25 10 21 32 
24 9 22 31 26 11 

292. øešení (Backtracking)
3 0 17 14 21 34 
16 7 2 35 18 13 
1 4 15 20 33 22 
8 25 6 29 12 19 
5 30 27 10 23 32 
26 9 24 31 28 11 

293. øešení (Backtracking)
3 0 17 14 25 34 
16 7 2 35 18 13 
1 4 15 24 33 26 
8 23 6 29 12 19 
5 30 21 10 27 32 
22 9 28 31 20 11 

294. øešení (Backtracking)
3 0 17 14 27 34 
16 7 2 35 18 13 
1 4 15 26 33 28 
8 23 6 29 12 19 
5 30 21 10 25 32 
22 9 24 31 20 11 

295. øešení (Backtracking)
3 0 23 14 25 34 
16 7 2 35 22 13 
1 4 15 24 33 26 
8 17 6 29 12 21 
5 30 19 10 27 32 
18 9 28 31 20 11 

296. øešení (Backtracking)
3 0 17 28 25 34 
16 7 2 35 18 27 
1 4 29 26 33 24 
8 15 6 21 12 19 
5 30 13 10 23 32 
14 9 22 31 20 11 

297. øešení (Backtracking)
3 0 25 22 19 34 
24 7 2 35 26 21 
1 4 23 20 33 18 
8 15 6 29 12 27 
5 30 13 10 17 32 
14 9 16 31 28 11 

298. øešení (Backtracking)
3 0 19 32 29 34 
18 7 2 35 20 31 
1 4 17 30 33 28 
8 25 6 15 12 21 
5 16 23 10 27 14 
24 9 26 13 22 11 

299. øešení (Backtracking)
3 0 17 28 9 34 
18 7 2 35 16 27 
1 4 29 8 33 10 
22 19 6 13 26 15 
5 30 21 24 11 32 
20 23 12 31 14 25 

300. øešení (Backtracking)
3 0 25 22 9 34 
24 7 2 35 26 21 
1 4 23 8 33 10 
16 13 6 29 20 27 
5 30 15 18 11 32 
14 17 12 31 28 19 

301. øešení (Backtracking)
3 0 17 12 25 34 
18 13 2 35 16 11 
1 4 15 24 33 26 
14 19 6 29 10 23 
5 30 21 8 27 32 
20 7 28 31 22 9 

302. øešení (Backtracking)
3 0 23 12 25 34 
22 13 2 35 16 11 
1 4 15 24 33 26 
14 21 6 29 10 17 
5 30 19 8 27 32 
20 7 28 31 18 9 

303. øešení (Backtracking)
3 0 17 12 19 34 
16 13 2 35 28 11 
1 4 15 18 33 20 
14 23 6 29 10 27 
5 30 25 8 21 32 
24 7 22 31 26 9 

304. øešení (Backtracking)
3 0 17 12 21 34 
16 13 2 35 18 11 
1 4 15 20 33 22 
14 25 6 29 10 19 
5 30 27 8 23 32 
26 7 24 31 28 9 

305. øešení (Backtracking)
3 0 17 12 25 34 
16 13 2 35 18 11 
1 4 15 24 33 26 
14 23 6 29 10 19 
5 30 21 8 27 32 
22 7 28 31 20 9 

306. øešení (Backtracking)
3 0 17 12 27 34 
16 13 2 35 18 11 
1 4 15 26 33 28 
14 23 6 29 10 19 
5 30 21 8 25 32 
22 7 24 31 20 9 

307. øešení (Backtracking)
3 0 23 12 25 34 
16 13 2 35 22 11 
1 4 15 24 33 26 
14 17 6 29 10 21 
5 30 19 8 27 32 
18 7 28 31 20 9 

308. øešení (Backtracking)
3 0 27 12 19 34 
28 13 2 35 26 11 
1 4 29 18 33 20 
14 17 6 23 10 25 
5 30 15 8 21 32 
16 7 22 31 24 9 

309. øešení (Backtracking)
3 0 19 12 21 34 
18 13 2 35 28 11 
1 4 29 20 33 22 
14 17 6 25 10 27 
5 30 15 8 23 32 
16 7 24 31 26 9 

310. øešení (Backtracking)
3 0 19 12 27 30 
18 13 2 29 20 11 
1 4 35 26 31 28 
14 17 6 23 10 21 
5 34 15 8 25 32 
16 7 24 33 22 9 

311. øešení (Backtracking)
3 0 23 12 21 34 
24 13 2 35 26 11 
1 4 25 22 33 20 
14 17 6 29 10 27 
5 30 15 8 19 32 
16 7 18 31 28 9 

312. øešení (Backtracking)
3 0 27 12 21 34 
28 13 2 35 26 11 
1 4 29 22 33 20 
14 17 6 25 10 23 
5 30 15 8 19 32 
16 7 18 31 24 9 

313. øešení (Backtracking)
3 0 33 12 21 24 
34 13 2 23 32 11 
1 4 35 20 25 22 
14 17 6 29 10 31 
5 28 15 8 19 26 
16 7 18 27 30 9 

314. øešení (Backtracking)
3 0 27 12 21 34 
28 13 2 35 26 11 
1 4 29 20 33 22 
14 17 6 23 10 25 
5 30 15 8 19 32 
16 7 18 31 24 9 

315. øešení (Backtracking)
3 0 23 12 15 34 
24 13 2 35 22 11 
1 4 29 14 33 16 
28 25 6 19 10 21 
5 30 27 8 17 32 
26 7 18 31 20 9 

316. øešení (Backtracking)
3 0 25 12 15 34 
24 13 2 35 26 11 
1 4 23 14 33 16 
22 19 6 29 10 27 
5 30 21 8 17 32 
20 7 18 31 28 9 

317. øešení (Backtracking)
3 0 21 28 13 34 
22 27 2 35 20 11 
1 4 29 12 33 14 
26 23 6 17 10 19 
5 30 25 8 15 32 
24 7 16 31 18 9 

318. øešení (Backtracking)
3 0 25 22 13 34 
24 21 2 35 26 11 
1 4 23 12 33 14 
20 17 6 29 10 27 
5 30 19 8 15 32 
18 7 16 31 28 9 

319. øešení (Backtracking)
3 0 15 26 23 34 
14 27 2 35 16 25 
1 4 29 24 33 22 
28 13 6 19 10 17 
5 30 11 8 21 32 
12 7 20 31 18 9 

320. øešení (Backtracking)
3 0 25 20 17 34 
24 21 2 35 26 19 
1 4 23 18 33 16 
22 13 6 29 10 27 
5 30 11 8 15 32 
12 7 14 31 28 9 

321. øešení (Backtracking)
3 0 11 22 25 34 
12 23 2 35 10 21 
1 4 9 24 33 26 
8 13 6 29 20 17 
5 30 15 18 27 32 
14 7 28 31 16 19 

322. øešení (Backtracking)
3 0 11 18 21 34 
10 19 2 35 12 17 
1 4 9 20 33 22 
8 25 6 29 16 13 
5 30 27 14 23 32 
26 7 24 31 28 15 

323. øešení (Backtracking)
3 0 11 22 25 34 
10 23 2 35 12 21 
1 4 9 24 33 26 
8 17 6 29 20 13 
5 30 15 18 27 32 
16 7 28 31 14 19 

324. øešení (Backtracking)
3 0 13 10 25 34 
14 9 2 35 12 23 
1 4 11 24 33 26 
8 15 6 29 22 19 
5 30 17 20 27 32 
16 7 28 31 18 21 

325. øešení (Backtracking)
3 0 13 10 21 34 
12 9 2 35 14 19 
1 4 11 20 33 22 
8 25 6 29 18 15 
5 30 27 16 23 32 
26 7 24 31 28 17 

326. øešení (Backtracking)
3 0 13 10 25 34 
12 9 2 35 14 23 
1 4 11 24 33 26 
8 19 6 29 22 15 
5 30 17 20 27 32 
18 7 28 31 16 21 

327. øešení (Backtracking)
3 0 19 10 13 30 
20 9 2 29 18 11 
1 4 35 12 31 14 
8 21 6 17 28 25 
5 34 23 26 15 32 
22 7 16 33 24 27 

328. øešení (Backtracking)
3 0 19 10 13 34 
20 9 2 35 18 11 
1 4 29 12 33 14 
8 21 6 17 28 25 
5 30 23 26 15 32 
22 7 16 31 24 27 

329. øešení (Backtracking)
3 0 21 10 13 34 
22 9 2 35 20 11 
1 4 19 12 33 14 
8 23 6 17 30 27 
5 18 25 28 15 32 
24 7 16 31 26 29 

330. øešení (Backtracking)
3 0 21 10 13 34 
20 9 2 35 22 11 
1 4 19 12 33 14 
8 27 6 17 30 23 
5 18 25 28 15 32 
26 7 16 31 24 29 

331. øešení (Backtracking)
3 0 33 10 13 22 
32 9 2 23 34 11 
1 4 35 12 21 14 
8 31 6 17 24 27 
5 18 29 26 15 20 
30 7 16 19 28 25 

332. øešení (Backtracking)
3 0 33 10 13 22 
34 9 2 23 32 11 
1 4 35 12 21 14 
8 27 6 17 24 31 
5 18 29 26 15 20 
28 7 16 19 30 25 

333. øešení (Backtracking)
3 0 21 10 13 34 
22 9 2 35 20 11 
1 4 29 12 33 14 
8 23 6 17 26 19 
5 30 25 28 15 32 
24 7 16 31 18 27 

334. øešení (Backtracking)
3 0 27 10 13 34 
26 9 2 35 28 11 
1 4 29 12 33 14 
8 25 6 17 22 19 
5 30 23 20 15 32 
24 7 16 31 18 21 

335. øešení (Backtracking)
3 0 23 10 13 30 
22 9 2 29 24 11 
1 4 35 12 31 14 
8 21 6 17 28 25 
5 34 19 26 15 32 
20 7 16 33 18 27 

336. øešení (Backtracking)
3 0 23 10 13 34 
22 9 2 35 24 11 
1 4 29 12 33 14 
8 21 6 17 28 25 
5 30 19 26 15 32 
20 7 16 31 18 27 

337. øešení (Backtracking)
3 0 27 10 13 34 
28 9 2 35 26 11 
1 4 29 12 33 14 
8 17 6 25 20 23 
5 30 19 22 15 32 
18 7 16 31 24 21 

338. øešení (Backtracking)
3 0 25 10 13 34 
24 9 2 35 26 11 
1 4 23 12 33 14 
8 17 6 29 20 27 
5 30 19 22 15 32 
18 7 16 31 28 21 

339. øešení (Backtracking)
3 0 23 10 13 34 
24 9 2 35 22 11 
1 4 25 12 33 14 
8 17 6 27 30 21 
5 26 19 32 15 28 
18 7 16 29 20 31 

340. øešení (Backtracking)
3 0 23 10 13 34 
24 9 2 35 22 11 
1 4 25 12 33 14 
8 17 6 31 28 21 
5 30 19 26 15 32 
18 7 16 29 20 27 

341. øešení (Backtracking)
3 0 33 10 13 26 
34 9 2 25 32 11 
1 4 35 12 27 14 
8 17 6 31 24 21 
5 30 19 22 15 28 
18 7 16 29 20 23 

342. øešení (Backtracking)
3 0 27 10 13 34 
26 9 2 35 28 11 
1 4 25 12 33 14 
8 17 6 29 24 21 
5 30 19 22 15 32 
18 7 16 31 20 23 

343. øešení (Backtracking)
3 0 29 10 13 34 
28 9 2 35 30 11 
1 4 27 12 33 14 
8 17 6 31 24 21 
5 26 19 22 15 32 
18 7 16 25 20 23 

344. øešení (Backtracking)
3 0 25 10 13 34 
24 9 2 35 26 11 
1 4 23 12 33 14 
8 17 6 21 30 27 
5 22 19 28 15 32 
18 7 16 31 20 29 

345. øešení (Backtracking)
3 0 33 10 13 26 
34 9 2 27 32 11 
1 4 35 12 25 14 
8 17 6 21 28 31 
5 22 19 30 15 24 
18 7 16 23 20 29 

346. øešení (Backtracking)
3 0 17 10 27 30 
18 9 2 29 16 11 
1 4 35 26 31 28 
8 19 6 23 12 15 
5 34 21 14 25 32 
20 7 24 33 22 13 

347. øešení (Backtracking)
3 0 17 10 19 34 
28 9 2 35 16 11 
1 4 29 18 33 20 
8 27 6 23 12 15 
5 30 25 14 21 32 
26 7 22 31 24 13 

348. øešení (Backtracking)
3 0 19 10 21 34 
18 9 2 35 16 11 
1 4 17 20 33 22 
8 25 6 29 12 15 
5 30 27 14 23 32 
26 7 24 31 28 13 

349. øešení (Backtracking)
3 0 27 10 25 34 
28 9 2 35 16 11 
1 4 29 26 33 24 
8 21 6 17 12 15 
5 30 19 14 23 32 
20 7 22 31 18 13 

350. øešení (Backtracking)
3 0 27 10 17 34 
26 9 2 35 28 11 
1 4 29 16 33 18 
8 25 6 21 12 15 
5 30 23 14 19 32 
24 7 20 31 22 13 

351. øešení (Backtracking)
3 0 27 10 17 34 
28 9 2 35 26 11 
1 4 29 16 33 18 
8 21 6 25 12 15 
5 30 23 14 19 32 
22 7 20 31 24 13 

352. øešení (Backtracking)
3 0 27 10 21 34 
26 9 2 35 28 11 
1 4 29 22 33 20 
8 25 6 17 12 15 
5 30 23 14 19 32 
24 7 18 31 16 13 

353. øešení (Backtracking)
3 0 27 10 21 34 
28 9 2 35 26 11 
1 4 29 20 33 22 
8 19 6 25 12 15 
5 30 17 14 23 32 
18 7 24 31 16 13 

354. øešení (Backtracking)
3 0 21 10 23 34 
20 9 2 35 28 11 
1 4 29 22 33 24 
8 19 6 27 12 15 
5 30 17 14 25 32 
18 7 26 31 16 13 

355. øešení (Backtracking)
3 0 21 10 27 30 
20 9 2 29 22 11 
1 4 35 26 31 28 
8 19 6 23 12 15 
5 34 17 14 25 32 
18 7 24 33 16 13 

356. øešení (Backtracking)
3 0 23 10 25 34 
20 9 2 35 22 11 
1 4 21 24 33 26 
8 19 6 29 12 15 
5 30 17 14 27 32 
18 7 28 31 16 13 

357. øešení (Backtracking)
3 0 25 10 23 34 
26 9 2 35 28 11 
1 4 27 24 33 22 
8 19 6 29 12 15 
5 30 17 14 21 32 
18 7 20 31 16 13 

358. øešení (Backtracking)
3 0 33 10 23 26 
34 9 2 25 32 11 
1 4 35 22 27 24 
8 19 6 31 12 15 
5 30 17 14 21 28 
18 7 20 29 16 13 

359. øešení (Backtracking)
3 0 27 10 23 34 
28 9 2 35 26 11 
1 4 29 22 33 24 
8 19 6 25 12 15 
5 30 17 14 21 32 
18 7 20 31 16 13 

360. øešení (Backtracking)
3 0 17 10 25 34 
18 9 2 35 16 11 
1 4 15 24 33 26 
8 19 6 29 12 23 
5 30 21 14 27 32 
20 7 28 31 22 13 

361. øešení (Backtracking)
3 0 23 10 25 34 
22 9 2 35 16 11 
1 4 15 24 33 26 
8 21 6 29 12 17 
5 30 19 14 27 32 
20 7 28 31 18 13 

362. øešení (Backtracking)
3 0 17 10 19 34 
16 9 2 35 28 11 
1 4 15 18 33 20 
8 23 6 29 12 27 
5 30 25 14 21 32 
24 7 22 31 26 13 

363. øešení (Backtracking)
3 0 17 10 21 34 
16 9 2 35 18 11 
1 4 15 20 33 22 
8 25 6 29 12 19 
5 30 27 14 23 32 
26 7 24 31 28 13 

364. øešení (Backtracking)
3 0 17 10 25 34 
16 9 2 35 18 11 
1 4 15 24 33 26 
8 23 6 29 12 19 
5 30 21 14 27 32 
22 7 28 31 20 13 

365. øešení (Backtracking)
3 0 17 10 27 34 
16 9 2 35 18 11 
1 4 15 26 33 28 
8 23 6 29 12 19 
5 30 21 14 25 32 
22 7 24 31 20 13 

366. øešení (Backtracking)
3 0 23 10 25 34 
16 9 2 35 22 11 
1 4 15 24 33 26 
8 17 6 29 12 21 
5 30 19 14 27 32 
18 7 28 31 20 13 

367. øešení (Backtracking)
3 0 27 10 19 34 
28 9 2 35 26 11 
1 4 29 18 33 20 
8 15 6 23 12 25 
5 30 17 14 21 32 
16 7 22 31 24 13 

368. øešení (Backtracking)
3 0 23 10 25 34 
22 9 2 35 20 11 
1 4 21 24 33 26 
8 15 6 29 12 19 
5 30 17 14 27 32 
16 7 28 31 18 13 

369. øešení (Backtracking)
3 0 27 10 25 34 
28 9 2 35 20 11 
1 4 29 26 33 24 
8 15 6 21 12 19 
5 30 17 14 23 32 
16 7 22 31 18 13 

370. øešení (Backtracking)
3 0 27 10 21 34 
28 9 2 35 26 11 
1 4 29 20 33 22 
8 15 6 25 12 19 
5 30 17 14 23 32 
16 7 24 31 18 13 

371. øešení (Backtracking)
3 0 27 10 23 34 
28 9 2 35 26 11 
1 4 29 24 33 22 
8 15 6 19 12 25 
5 30 17 14 21 32 
16 7 20 31 18 13 

372. øešení (Backtracking)
3 0 17 28 11 34 
18 9 2 35 16 27 
1 4 29 10 33 12 
8 19 6 15 26 23 
5 30 21 24 13 32 
20 7 14 31 22 25 

373. øešení (Backtracking)
3 0 21 28 11 34 
20 9 2 35 22 27 
1 4 29 10 33 12 
8 19 6 15 26 23 
5 30 17 24 13 32 
18 7 14 31 16 25 

374. øešení (Backtracking)
3 0 21 32 11 34 
22 9 2 35 20 31 
1 4 19 10 33 12 
8 23 6 15 30 27 
5 18 25 28 13 16 
24 7 14 17 26 29 

375. øešení (Backtracking)
3 0 21 32 11 34 
20 9 2 35 22 31 
1 4 19 10 33 12 
8 27 6 15 30 23 
5 18 25 28 13 16 
26 7 14 17 24 29 

376. øešení (Backtracking)
3 0 27 24 11 34 
26 9 2 35 28 23 
1 4 25 10 33 12 
8 15 6 29 22 19 
5 30 17 20 13 32 
16 7 14 31 18 21 

377. øešení (Backtracking)
3 0 25 32 11 34 
24 9 2 35 26 31 
1 4 23 10 33 12 
8 15 6 19 30 27 
5 22 17 28 13 20 
16 7 14 21 18 29 

378. øešení (Backtracking)
3 0 13 24 21 34 
12 23 2 35 14 25 
1 4 29 22 33 20 
8 11 6 17 26 15 
5 30 9 28 19 32 
10 7 18 31 16 27 

379. øešení (Backtracking)
3 0 27 18 15 34 
28 17 2 35 26 19 
1 4 29 16 33 14 
8 11 6 25 20 23 
5 30 9 22 13 32 
10 7 12 31 24 21 

380. øešení (Backtracking)
3 0 25 18 15 34 
24 17 2 35 26 19 
1 4 23 16 33 14 
8 11 6 29 20 27 
5 30 9 22 13 32 
10 7 12 31 28 21 

381. øešení (Backtracking)
3 0 27 16 19 34 
28 17 2 35 26 15 
1 4 29 18 33 20 
8 11 6 23 14 25 
5 30 9 12 21 32 
10 7 22 31 24 13 

382. øešení (Backtracking)
3 0 13 32 23 34 
12 31 2 35 14 25 
1 4 11 24 33 22 
30 19 6 9 26 15 
5 10 17 28 21 8 
18 29 20 7 16 27 

383. øešení (Backtracking)
3 0 13 32 23 34 
12 25 2 35 14 31 
1 4 11 24 33 22 
26 19 6 9 30 15 
5 10 17 28 21 8 
18 27 20 7 16 29 

384. øešení (Backtracking)
3 0 27 14 17 34 
28 13 2 35 26 15 
1 4 29 16 33 18 
12 21 6 31 8 25 
5 30 23 10 19 32 
22 11 20 7 24 9 

385. øešení (Backtracking)
3 0 33 20 23 12 
34 19 2 13 32 21 
1 4 35 22 11 24 
18 27 6 9 14 31 
5 8 29 16 25 10 
28 17 26 7 30 15 

386. øešení (Backtracking)
3 0 33 12 9 20 
34 13 2 19 32 11 
1 4 35 10 21 8 
14 27 6 25 18 31 
5 24 29 16 7 22 
28 15 26 23 30 17 

387. øešení (Backtracking)
3 0 21 12 9 34 
20 13 2 35 22 11 
1 4 19 10 33 8 
14 27 6 29 18 23 
5 30 25 16 7 32 
26 15 28 31 24 17 

388. øešení (Backtracking)
3 0 27 12 9 34 
28 13 2 35 26 11 
1 4 29 10 33 8 
14 21 6 23 18 25 
5 30 19 16 7 32 
20 15 22 31 24 17 

389. øešení (Backtracking)
3 0 23 12 9 34 
22 13 2 35 24 11 
1 4 21 10 33 8 
14 29 6 31 18 25 
5 20 27 16 7 32 
28 15 30 19 26 17 

390. øešení (Backtracking)
3 0 21 18 9 34 
20 17 2 35 22 11 
1 4 19 10 33 8 
16 27 6 29 12 23 
5 30 25 14 7 32 
26 15 28 31 24 13 

391. øešení (Backtracking)
3 0 21 12 9 34 
20 11 2 35 22 13 
1 4 19 10 33 8 
18 27 6 29 14 23 
5 30 25 16 7 32 
26 17 28 31 24 15 

392. øešení (Backtracking)
3 0 27 12 9 34 
28 11 2 35 26 13 
1 4 29 10 33 8 
18 21 6 23 14 25 
5 30 19 16 7 32 
20 17 22 31 24 15 

393. øešení (Backtracking)
3 0 21 18 9 34 
20 11 2 35 22 17 
1 4 19 10 33 8 
12 27 6 29 16 23 
5 30 25 14 7 32 
26 13 28 31 24 15 

394. øešení (Backtracking)
3 0 13 24 27 30 
14 23 2 29 12 25 
1 4 35 26 31 28 
22 15 6 9 18 11 
5 34 17 20 7 32 
16 21 8 33 10 19 

395. øešení (Backtracking)
3 0 13 24 27 30 
14 25 2 29 12 23 
1 4 35 26 31 28 
18 15 6 9 22 11 
5 34 17 20 7 32 
16 19 8 33 10 21 

396. øešení (Backtracking)
3 0 33 18 21 24 
34 17 2 23 32 19 
1 4 35 20 25 22 
16 9 6 29 12 31 
5 28 11 14 7 26 
10 15 8 27 30 13 

397. øešení (Backtracking)
3 0 27 18 21 34 
28 17 2 35 26 19 
1 4 29 20 33 22 
16 9 6 23 12 25 
5 30 11 14 7 32 
10 15 8 31 24 13 

398. øešení (Backtracking)
3 0 33 18 21 24 
34 19 2 23 32 17 
1 4 35 20 25 22 
12 9 6 29 16 31 
5 28 11 14 7 26 
10 13 8 27 30 15 

399. øešení (Backtracking)
3 0 27 18 21 34 
28 19 2 35 26 17 
1 4 29 20 33 22 
12 9 6 23 16 25 
5 30 11 14 7 32 
10 13 8 31 24 15 

400. øešení (Backtracking)
3 0 15 18 27 34 
16 19 2 35 14 25 
1 4 17 26 33 28 
20 9 6 29 24 13 
5 30 11 22 7 32 
10 21 8 31 12 23 

401. øešení (Backtracking)
3 0 15 18 27 34 
16 25 2 35 14 19 
1 4 17 26 33 28 
24 9 6 29 20 13 
5 30 11 22 7 32 
10 23 8 31 12 21 

402. øešení (Backtracking)
3 0 15 24 27 34 
16 25 2 35 14 23 
1 4 17 26 33 28 
18 9 6 29 22 13 
5 30 11 20 7 32 
10 19 8 31 12 21 

403. øešení (Backtracking)
3 0 15 24 21 34 
16 25 2 35 14 23 
1 4 17 22 33 20 
26 9 6 19 30 13 
5 18 11 28 7 32 
10 27 8 31 12 29 

404. øešení (Backtracking)
3 0 15 32 23 34 
16 31 2 35 14 25 
1 4 17 24 33 22 
30 9 6 21 26 13 
5 18 11 28 7 20 
10 29 8 19 12 27 

405. øešení (Backtracking)
3 0 15 32 23 34 
16 25 2 35 14 31 
1 4 17 24 33 22 
26 9 6 21 30 13 
5 18 11 28 7 20 
10 27 8 19 12 29 

406. øešení (Backtracking)
3 0 15 26 29 34 
16 25 2 35 14 27 
1 4 17 28 33 30 
24 9 6 31 20 13 
5 18 11 22 7 32 
10 23 8 19 12 21 

407. øešení (Backtracking)
3 0 15 24 27 34 
16 23 2 35 14 25 
1 4 17 26 33 28 
22 9 6 29 18 13 
5 30 11 20 7 32 
10 21 8 31 12 19 

408. øešení (Backtracking)
3 0 21 12 9 34 
22 13 2 35 20 11 
1 4 15 10 33 8 
14 23 30 17 26 19 
5 16 25 28 7 32 
24 29 6 31 18 27 

409. øešení (Backtracking)
3 0 23 12 9 34 
24 13 2 35 22 11 
1 4 15 10 33 8 
14 25 32 19 28 21 
5 16 27 30 7 18 
26 31 6 17 20 29 

410. øešení (Backtracking)
3 0 27 12 9 34 
26 13 2 35 28 11 
1 4 15 10 33 8 
14 25 18 31 22 29 
5 16 23 20 7 32 
24 19 6 17 30 21 

411. øešení (Backtracking)
3 0 23 12 9 30 
22 13 2 31 24 11 
1 4 35 10 29 8 
14 21 32 27 18 25 
5 34 19 16 7 28 
20 15 6 33 26 17 

412. øešení (Backtracking)
3 0 25 12 9 18 
26 13 2 19 24 11 
1 4 35 10 17 8 
14 27 16 31 20 23 
5 34 29 22 7 32 
28 15 6 33 30 21 

413. øešení (Backtracking)
3 0 29 12 9 18 
28 13 2 19 30 11 
1 4 35 10 17 8 
14 27 16 31 20 23 
5 34 25 22 7 32 
26 15 6 33 24 21 

414. øešení (Backtracking)
3 0 27 12 9 18 
26 13 2 17 28 11 
1 4 35 10 19 8 
14 25 16 31 22 29 
5 34 23 20 7 32 
24 15 6 33 30 21 

415. øešení (Backtracking)
3 0 23 12 9 18 
24 13 2 17 22 11 
1 4 35 10 19 8 
14 25 16 21 32 29 
5 34 27 30 7 20 
26 15 6 33 28 31 

416. øešení (Backtracking)
3 0 33 12 9 18 
32 13 2 17 34 11 
1 4 35 10 19 8 
14 31 16 21 24 27 
5 22 29 26 7 20 
30 15 6 23 28 25 

417. øešení (Backtracking)
3 0 33 12 9 18 
34 13 2 17 32 11 
1 4 35 10 19 8 
14 27 16 21 24 31 
5 22 29 26 7 20 
28 15 6 23 30 25 

418. øešení (Backtracking)
3 0 27 12 9 18 
26 13 2 17 28 11 
1 4 35 10 19 8 
14 25 16 21 32 29 
5 34 23 30 7 20 
24 15 6 33 22 31 

419. øešení (Backtracking)
3 0 27 12 9 18 
28 13 2 17 26 11 
1 4 35 10 19 8 
14 29 16 33 22 25 
5 34 31 24 7 20 
30 15 6 21 32 23 

420. øešení (Backtracking)
3 0 31 12 9 18 
30 13 2 17 32 11 
1 4 35 10 19 8 
14 29 16 33 22 25 
5 34 27 24 7 20 
28 15 6 21 26 23 

421. øešení (Backtracking)
3 0 25 12 9 18 
26 13 2 17 24 11 
1 4 35 10 19 8 
14 27 16 23 34 31 
5 22 29 32 7 20 
28 15 6 21 30 33 

422. øešení (Backtracking)
3 0 27 12 9 18 
28 13 2 17 26 11 
1 4 35 10 19 8 
14 29 16 23 32 25 
5 22 31 34 7 20 
30 15 6 21 24 33 

423. øešení (Backtracking)
3 0 33 12 9 18 
32 13 2 17 34 11 
1 4 35 10 19 8 
14 31 16 23 28 25 
5 22 29 26 7 20 
30 15 6 21 24 27 

424. øešení (Backtracking)
3 0 29 12 9 18 
28 13 2 17 30 11 
1 4 35 10 19 8 
14 27 16 23 34 31 
5 22 25 32 7 20 
26 15 6 21 24 33 

425. øešení (Backtracking)
3 0 27 12 9 20 
28 13 2 21 26 11 
1 4 35 10 19 8 
14 29 16 33 22 25 
5 34 31 24 7 18 
30 15 6 17 32 23 

426. øešení (Backtracking)
3 0 31 12 9 20 
30 13 2 21 32 11 
1 4 35 10 19 8 
14 29 16 33 22 25 
5 34 27 24 7 18 
28 15 6 17 26 23 

427. øešení (Backtracking)
3 0 27 12 9 34 
26 13 2 35 28 11 
1 4 29 10 33 8 
14 25 16 31 18 21 
5 30 23 20 7 32 
24 15 6 17 22 19 

428. øešení (Backtracking)
3 0 27 12 9 34 
28 13 2 35 26 11 
1 4 29 10 33 8 
14 21 16 31 18 25 
5 30 23 20 7 32 
22 15 6 17 24 19 

429. øešení (Backtracking)
3 0 33 12 9 22 
32 13 2 23 34 11 
1 4 35 10 21 8 
14 31 16 19 24 27 
5 18 29 26 7 20 
30 15 6 17 28 25 

430. øešení (Backtracking)
3 0 33 12 9 22 
34 13 2 23 32 11 
1 4 35 10 21 8 
14 27 16 19 24 31 
5 18 29 26 7 20 
28 15 6 17 30 25 

431. øešení (Backtracking)
3 0 21 12 9 34 
22 13 2 35 20 11 
1 4 19 10 33 8 
14 23 16 31 26 29 
5 18 25 28 7 32 
24 15 6 17 30 27 

432. øešení (Backtracking)
3 0 27 12 9 34 
26 13 2 35 28 11 
1 4 19 10 33 8 
14 25 16 31 22 29 
5 18 23 20 7 32 
24 15 6 17 30 21 

433. øešení (Backtracking)
3 0 25 12 9 34 
26 13 2 35 24 11 
1 4 19 10 33 8 
14 27 16 31 20 23 
5 18 29 22 7 32 
28 15 6 17 30 21 

434. øešení (Backtracking)
3 0 29 12 9 34 
28 13 2 35 30 11 
1 4 19 10 33 8 
14 27 16 31 20 23 
5 18 25 22 7 32 
26 15 6 17 24 21 

435. øešení (Backtracking)
3 0 19 12 9 34 
18 13 2 35 20 11 
1 4 25 10 33 8 
14 17 30 23 26 21 
5 24 15 28 7 32 
16 29 6 31 22 27 

436. øešení (Backtracking)
3 0 19 12 9 28 
18 13 2 29 20 11 
1 4 35 10 27 8 
14 17 30 23 34 21 
5 24 15 32 7 26 
16 31 6 25 22 33 

437. øešení (Backtracking)
3 0 19 12 9 26 
18 13 2 27 20 11 
1 4 35 10 25 8 
14 17 28 23 32 21 
5 34 15 30 7 24 
16 29 6 33 22 31 

438. øešení (Backtracking)
3 0 19 12 9 26 
18 13 2 27 20 11 
1 4 35 10 25 8 
14 17 32 23 28 21 
5 34 15 30 7 24 
16 31 6 33 22 29 

439. øešení (Backtracking)
3 0 19 12 9 34 
18 13 2 35 20 11 
1 4 27 10 33 8 
14 17 32 23 28 21 
5 26 15 30 7 24 
16 31 6 25 22 29 

440. øešení (Backtracking)
3 0 27 12 9 16 
26 13 2 17 28 11 
1 4 35 10 15 8 
22 25 14 31 18 29 
5 34 23 20 7 32 
24 21 6 33 30 19 

441. øešení (Backtracking)
3 0 23 12 9 16 
24 13 2 15 22 11 
1 4 35 10 17 8 
28 25 14 19 32 21 
5 34 27 30 7 18 
26 29 6 33 20 31 

442. øešení (Backtracking)
3 0 29 12 9 16 
28 13 2 15 30 11 
1 4 35 10 17 8 
24 27 14 33 20 31 
5 34 25 22 7 18 
26 23 6 19 32 21 

443. øešení (Backtracking)
3 0 25 12 9 16 
26 13 2 15 24 11 
1 4 35 10 17 8 
34 27 14 21 30 23 
5 20 29 32 7 18 
28 33 6 19 22 31 

444. øešení (Backtracking)
3 0 25 12 9 16 
26 13 2 15 24 11 
1 4 35 10 17 8 
30 27 14 21 34 23 
5 20 29 32 7 18 
28 31 6 19 22 33 

445. øešení (Backtracking)
3 0 29 12 9 20 
30 13 2 19 28 11 
1 4 35 10 21 8 
34 31 14 25 18 27 
5 24 33 16 7 22 
32 15 6 23 26 17 

446. øešení (Backtracking)
3 0 25 12 9 34 
24 13 2 35 26 11 
1 4 19 10 33 8 
20 23 14 29 18 27 
5 30 21 16 7 32 
22 15 6 31 28 17 

447. øešení (Backtracking)
3 0 27 12 9 34 
26 13 2 35 28 11 
1 4 21 10 33 8 
22 25 14 31 18 29 
5 20 23 16 7 32 
24 15 6 19 30 17 

448. øešení (Backtracking)
3 0 19 12 9 34 
20 13 2 35 18 11 
1 4 17 10 33 8 
16 21 14 29 24 27 
5 30 23 26 7 32 
22 15 6 31 28 25 

449. øešení (Backtracking)
3 0 19 12 9 34 
20 13 2 35 18 11 
1 4 17 10 33 8 
16 21 14 31 28 25 
5 30 23 26 7 32 
22 15 6 29 24 27 

450. øešení (Backtracking)
3 0 19 12 9 34 
18 13 2 35 20 11 
1 4 17 10 33 8 
16 25 14 31 28 21 
5 30 23 26 7 32 
24 15 6 29 22 27 

451. øešení (Backtracking)
3 0 21 12 9 34 
22 13 2 35 20 11 
1 4 17 10 33 8 
16 23 14 19 30 27 
5 18 25 28 7 32 
24 15 6 31 26 29 

452. øešení (Backtracking)
3 0 25 12 9 34 
24 13 2 35 26 11 
1 4 17 10 33 8 
16 23 14 19 30 27 
5 18 21 28 7 32 
22 15 6 31 20 29 

453. øešení (Backtracking)
3 0 25 12 9 34 
26 13 2 35 24 11 
1 4 17 10 33 8 
16 27 14 21 30 23 
5 18 29 32 7 20 
28 15 6 19 22 31 

454. øešení (Backtracking)
3 0 25 12 9 34 
26 13 2 35 24 11 
1 4 17 10 33 8 
16 27 14 31 20 23 
5 18 29 22 7 32 
28 15 6 19 30 21 

455. øešení (Backtracking)
3 0 29 12 9 34 
28 13 2 35 30 11 
1 4 17 10 33 8 
16 27 14 31 20 23 
5 18 25 22 7 32 
26 15 6 19 24 21 

456. øešení (Backtracking)
3 0 25 12 9 34 
24 13 2 35 26 11 
1 4 17 10 33 8 
16 23 14 29 20 27 
5 30 21 18 7 32 
22 15 6 31 28 19 

457. øešení (Backtracking)
3 0 23 12 9 34 
24 13 2 35 22 11 
1 4 17 10 33 8 
16 25 14 29 18 21 
5 30 27 20 7 32 
26 15 6 31 28 19 

458. øešení (Backtracking)
3 0 27 12 9 34 
26 13 2 35 28 11 
1 4 17 10 33 8 
16 25 14 29 18 21 
5 30 23 20 7 32 
24 15 6 31 22 19 

459. øešení (Backtracking)
3 0 21 12 9 34 
20 13 2 35 22 11 
1 4 23 10 33 8 
16 19 14 25 30 27 
5 24 17 28 7 32 
18 15 6 31 26 29 

460. øešení (Backtracking)
3 0 21 12 9 34 
20 13 2 35 22 11 
1 4 23 10 33 8 
16 19 14 31 26 29 
5 24 17 28 7 32 
18 15 6 25 30 27 

461. øešení (Backtracking)
3 0 21 12 9 34 
20 13 2 35 22 11 
1 4 23 10 33 8 
16 19 14 29 24 27 
5 30 17 26 7 32 
18 15 6 31 28 25 

462. øešení (Backtracking)
3 0 21 12 9 30 
20 13 2 29 22 11 
1 4 35 10 31 8 
16 19 14 23 28 25 
5 34 17 26 7 32 
18 15 6 33 24 27 

463. øešení (Backtracking)
3 0 21 12 9 34 
20 13 2 35 22 11 
1 4 29 10 33 8 
16 19 14 23 28 25 
5 30 17 26 7 32 
18 15 6 31 24 27 

464. øešení (Backtracking)
3 0 21 12 9 34 
20 13 2 35 22 11 
1 4 27 10 33 8 
16 19 14 25 30 23 
5 26 17 28 7 32 
18 15 6 31 24 29 

465. øešení (Backtracking)
3 0 21 12 9 30 
20 13 2 31 22 11 
1 4 35 10 29 8 
16 19 14 25 32 23 
5 26 17 34 7 28 
18 15 6 27 24 33 

466. øešení (Backtracking)
3 0 21 12 9 34 
20 13 2 35 22 11 
1 4 29 10 33 8 
16 19 14 25 30 23 
5 28 17 32 7 26 
18 15 6 27 24 31 

467. øešení (Backtracking)
3 0 33 12 9 24 
34 13 2 23 32 11 
1 4 35 10 25 8 
16 19 14 29 22 31 
5 28 17 20 7 26 
18 15 6 27 30 21 

468. øešení (Backtracking)
3 0 25 12 9 34 
24 13 2 35 26 11 
1 4 23 10 33 8 
16 19 14 29 22 27 
5 30 17 20 7 32 
18 15 6 31 28 21 

469. øešení (Backtracking)
3 0 27 12 9 34 
26 13 2 35 28 11 
1 4 25 10 33 8 
16 19 14 31 22 29 
5 24 17 20 7 32 
18 15 6 23 30 21 

470. øešení (Backtracking)
3 0 29 12 9 18 
28 13 2 19 30 11 
1 4 35 10 17 8 
24 27 14 33 20 31 
5 34 25 22 7 16 
26 23 6 15 32 21 

471. øešení (Backtracking)
3 0 27 12 9 34 
26 13 2 35 28 11 
1 4 17 10 33 8 
18 25 14 31 22 29 
5 16 23 20 7 32 
24 19 6 15 30 21 

472. øešení (Backtracking)
3 0 27 12 9 34 
26 13 2 35 28 11 
1 4 17 10 33 8 
22 25 14 31 18 29 
5 16 23 20 7 32 
24 21 6 15 30 19 

473. øešení (Backtracking)
3 0 25 12 9 34 
24 15 2 35 26 11 
1 4 13 10 33 8 
14 23 16 29 20 27 
5 30 21 18 7 32 
22 17 6 31 28 19 

474. øešení (Backtracking)
3 0 19 12 9 34 
20 29 2 35 18 11 
1 4 13 10 33 8 
28 21 30 15 24 17 
5 14 23 26 7 32 
22 27 6 31 16 25 

475. øešení (Backtracking)
3 0 19 12 9 34 
20 25 2 35 18 11 
1 4 13 10 33 8 
24 21 26 15 30 17 
5 14 23 28 7 32 
22 27 6 31 16 29 

476. øešení (Backtracking)
3 0 21 12 9 34 
22 31 2 35 20 11 
1 4 13 10 33 8 
30 23 32 17 26 19 
5 14 25 28 7 16 
24 29 6 15 18 27 

477. øešení (Backtracking)
3 0 27 12 9 34 
26 21 2 35 28 11 
1 4 13 10 33 8 
22 25 20 31 16 29 
5 14 23 18 7 32 
24 19 6 15 30 17 

478. øešení (Backtracking)
3 0 27 12 9 34 
26 17 2 35 28 11 
1 4 13 10 33 8 
18 25 16 31 22 29 
5 14 23 20 7 32 
24 19 6 15 30 21 

479. øešení (Backtracking)
3 0 25 12 9 34 
24 19 2 35 26 11 
1 4 13 10 33 8 
20 23 18 29 14 27 
5 30 21 16 7 32 
22 17 6 31 28 15 

480. øešení (Backtracking)
3 0 27 12 9 14 
26 17 2 15 28 11 
1 4 35 10 13 8 
18 25 16 31 22 29 
5 34 23 20 7 32 
24 19 6 33 30 21 

<td>480</td>
