1. øešení (Backtracking)
0 5 2 
3 18 7 
6 1 4 
17 8 19 
14 11 16 
9 20 13 
12 15 10 

2. øešení (Backtracking)
0 5 2 
3 20 7 
6 1 4 
17 8 19 
14 11 16 
9 18 13 
12 15 10 

3. øešení (Backtracking)
0 5 2 
3 18 7 
6 1 4 
19 8 17 
16 11 14 
13 20 9 
10 15 12 

4. øešení (Backtracking)
0 5 2 
3 20 7 
6 1 4 
19 8 17 
16 11 14 
13 18 9 
10 15 12 

5. øešení (Backtracking)
0 15 12 
13 18 1 
16 11 14 
19 2 17 
8 5 10 
3 20 7 
6 9 4 

6. øešení (Backtracking)
0 15 12 
13 20 1 
16 11 14 
19 2 17 
8 5 10 
3 18 7 
6 9 4 

7. øešení (Backtracking)
0 15 12 
13 18 1 
16 11 14 
19 2 17 
10 5 8 
7 20 3 
4 9 6 

8. øešení (Backtracking)
0 15 12 
13 20 1 
16 11 14 
19 2 17 
10 5 8 
7 18 3 
4 9 6 

9. øešení (Backtracking)
12 15 0 
1 18 13 
14 11 16 
17 2 19 
8 5 10 
3 20 7 
6 9 4 

10. øešení (Backtracking)
12 15 0 
1 20 13 
14 11 16 
17 2 19 
8 5 10 
3 18 7 
6 9 4 

11. øešení (Backtracking)
12 15 0 
1 18 13 
14 11 16 
17 2 19 
10 5 8 
7 20 3 
4 9 6 

12. øešení (Backtracking)
12 15 0 
1 20 13 
14 11 16 
17 2 19 
10 5 8 
7 18 3 
4 9 6 

13. øešení (Backtracking)
2 5 0 
7 18 3 
4 1 6 
17 8 19 
14 11 16 
9 20 13 
12 15 10 

14. øešení (Backtracking)
2 5 0 
7 20 3 
4 1 6 
17 8 19 
14 11 16 
9 18 13 
12 15 10 

15. øešení (Backtracking)
2 5 0 
7 18 3 
4 1 6 
19 8 17 
16 11 14 
13 20 9 
10 15 12 

16. øešení (Backtracking)
2 5 0 
7 20 3 
4 1 6 
19 8 17 
16 11 14 
13 18 9 
10 15 12 

17. øešení (Backtracking)
6 3 8 
9 0 5 
4 7 2 
1 10 19 
18 13 16 
15 20 11 
12 17 14 

18. øešení (Backtracking)
10 5 8 
7 0 11 
4 9 6 
1 12 3 
16 19 14 
13 2 17 
18 15 20 

19. øešení (Backtracking)
10 5 8 
7 0 11 
4 9 6 
1 12 3 
18 15 20 
13 2 17 
16 19 14 

20. øešení (Backtracking)
10 5 8 
7 0 11 
4 9 6 
1 12 3 
14 19 16 
17 2 13 
20 15 18 

21. øešení (Backtracking)
10 5 8 
7 0 11 
4 9 6 
1 12 3 
20 15 18 
17 2 13 
14 19 16 

22. øešení (Backtracking)
20 5 8 
7 0 19 
4 9 6 
1 18 3 
10 15 12 
13 2 17 
16 11 14 

23. øešení (Backtracking)
20 5 8 
7 0 19 
4 9 6 
1 18 3 
12 15 10 
17 2 13 
14 11 16 

24. øešení (Backtracking)
14 11 16 
17 0 13 
12 15 10 
1 18 3 
4 9 6 
7 2 19 
20 5 8 

25. øešení (Backtracking)
16 11 14 
13 0 17 
10 15 12 
1 18 3 
4 9 6 
7 2 19 
20 5 8 

26. øešení (Backtracking)
14 19 16 
17 0 13 
20 15 18 
1 12 3 
4 9 6 
7 2 11 
10 5 8 

27. øešení (Backtracking)
20 15 18 
17 0 13 
14 19 16 
1 12 3 
4 9 6 
7 2 11 
10 5 8 

28. øešení (Backtracking)
16 19 14 
13 0 17 
18 15 20 
1 12 3 
4 9 6 
7 2 11 
10 5 8 

29. øešení (Backtracking)
18 15 20 
13 0 17 
16 19 14 
1 12 3 
4 9 6 
7 2 11 
10 5 8 

30. øešení (Backtracking)
12 17 14 
15 0 11 
18 13 16 
1 10 19 
4 7 2 
9 20 5 
6 3 8 

31. øešení (Backtracking)
8 3 6 
5 0 9 
2 7 4 
19 10 1 
16 13 18 
11 20 15 
14 17 12 

32. øešení (Backtracking)
14 17 12 
11 0 15 
16 13 18 
19 10 1 
2 7 4 
5 20 9 
8 3 6 

33. øešení (Backtracking)
8 5 10 
11 0 7 
6 9 4 
3 12 1 
16 19 14 
13 2 17 
18 15 20 

34. øešení (Backtracking)
8 5 10 
11 0 7 
6 9 4 
3 12 1 
18 15 20 
13 2 17 
16 19 14 

35. øešení (Backtracking)
8 5 10 
11 0 7 
6 9 4 
3 12 1 
14 19 16 
17 2 13 
20 15 18 

36. øešení (Backtracking)
8 5 10 
11 0 7 
6 9 4 
3 12 1 
20 15 18 
17 2 13 
14 19 16 

37. øešení (Backtracking)
8 5 20 
19 0 7 
6 9 4 
3 18 1 
10 15 12 
13 2 17 
16 11 14 

38. øešení (Backtracking)
8 5 20 
19 0 7 
6 9 4 
3 18 1 
12 15 10 
17 2 13 
14 11 16 

39. øešení (Backtracking)
14 11 16 
17 0 13 
12 15 10 
3 18 1 
6 9 4 
19 2 7 
8 5 20 

40. øešení (Backtracking)
16 11 14 
13 0 17 
10 15 12 
3 18 1 
6 9 4 
19 2 7 
8 5 20 

41. øešení (Backtracking)
14 19 16 
17 0 13 
20 15 18 
3 12 1 
6 9 4 
11 2 7 
8 5 10 

42. øešení (Backtracking)
20 15 18 
17 0 13 
14 19 16 
3 12 1 
6 9 4 
11 2 7 
8 5 10 

43. øešení (Backtracking)
16 19 14 
13 0 17 
18 15 20 
3 12 1 
6 9 4 
11 2 7 
8 5 10 

44. øešení (Backtracking)
18 15 20 
13 0 17 
16 19 14 
3 12 1 
6 9 4 
11 2 7 
8 5 10 

45. øešení (Backtracking)
6 1 4 
3 18 7 
0 5 2 
17 8 19 
14 11 16 
9 20 13 
12 15 10 

46. øešení (Backtracking)
6 1 4 
3 20 7 
0 5 2 
17 8 19 
14 11 16 
9 18 13 
12 15 10 

47. øešení (Backtracking)
6 1 4 
3 18 7 
0 5 2 
19 8 17 
16 11 14 
13 20 9 
10 15 12 

48. øešení (Backtracking)
6 1 4 
3 20 7 
0 5 2 
19 8 17 
16 11 14 
13 18 9 
10 15 12 

49. øešení (Backtracking)
4 1 6 
7 18 3 
2 5 0 
17 8 19 
14 11 16 
9 20 13 
12 15 10 

50. øešení (Backtracking)
4 1 6 
7 20 3 
2 5 0 
17 8 19 
14 11 16 
9 18 13 
12 15 10 

51. øešení (Backtracking)
4 1 6 
7 18 3 
2 5 0 
19 8 17 
16 11 14 
13 20 9 
10 15 12 

52. øešení (Backtracking)
4 1 6 
7 20 3 
2 5 0 
19 8 17 
16 11 14 
13 18 9 
10 15 12 

53. øešení (Backtracking)
10 15 12 
13 18 9 
16 11 14 
19 8 17 
0 5 2 
3 20 7 
6 1 4 

54. øešení (Backtracking)
10 15 12 
13 20 9 
16 11 14 
19 8 17 
0 5 2 
3 18 7 
6 1 4 

55. øešení (Backtracking)
12 15 10 
9 18 13 
14 11 16 
17 8 19 
0 5 2 
3 20 7 
6 1 4 

56. øešení (Backtracking)
12 15 10 
9 20 13 
14 11 16 
17 8 19 
0 5 2 
3 18 7 
6 1 4 

57. øešení (Backtracking)
10 15 12 
13 18 9 
16 11 14 
19 8 17 
2 5 0 
7 20 3 
4 1 6 

58. øešení (Backtracking)
10 15 12 
13 20 9 
16 11 14 
19 8 17 
2 5 0 
7 18 3 
4 1 6 

59. øešení (Backtracking)
12 15 10 
9 18 13 
14 11 16 
17 8 19 
2 5 0 
7 20 3 
4 1 6 

60. øešení (Backtracking)
12 15 10 
9 20 13 
14 11 16 
17 8 19 
2 5 0 
7 18 3 
4 1 6 

61. øešení (Backtracking)
8 5 10 
11 2 7 
6 9 4 
3 12 1 
16 19 14 
13 0 17 
18 15 20 

62. øešení (Backtracking)
8 5 10 
11 2 7 
6 9 4 
3 12 1 
18 15 20 
13 0 17 
16 19 14 

63. øešení (Backtracking)
8 5 10 
11 2 7 
6 9 4 
3 12 1 
14 19 16 
17 0 13 
20 15 18 

64. øešení (Backtracking)
8 5 10 
11 2 7 
6 9 4 
3 12 1 
20 15 18 
17 0 13 
14 19 16 

65. øešení (Backtracking)
8 5 20 
19 2 7 
6 9 4 
3 18 1 
10 15 12 
13 0 17 
16 11 14 

66. øešení (Backtracking)
8 5 20 
19 2 7 
6 9 4 
3 18 1 
12 15 10 
17 0 13 
14 11 16 

67. øešení (Backtracking)
14 11 16 
17 2 13 
12 15 10 
3 18 1 
6 9 4 
19 0 7 
8 5 20 

68. øešení (Backtracking)
16 11 14 
13 2 17 
10 15 12 
3 18 1 
6 9 4 
19 0 7 
8 5 20 

69. øešení (Backtracking)
14 19 16 
17 2 13 
20 15 18 
3 12 1 
6 9 4 
11 0 7 
8 5 10 

70. øešení (Backtracking)
20 15 18 
17 2 13 
14 19 16 
3 12 1 
6 9 4 
11 0 7 
8 5 10 

71. øešení (Backtracking)
16 19 14 
13 2 17 
18 15 20 
3 12 1 
6 9 4 
11 0 7 
8 5 10 

72. øešení (Backtracking)
18 15 20 
13 2 17 
16 19 14 
3 12 1 
6 9 4 
11 0 7 
8 5 10 

73. øešení (Backtracking)
8 3 6 
5 20 9 
2 7 4 
19 10 1 
16 13 18 
11 0 15 
14 17 12 

74. øešení (Backtracking)
14 17 12 
11 20 15 
16 13 18 
19 10 1 
2 7 4 
5 0 9 
8 3 6 

75. øešení (Backtracking)
6 3 8 
9 20 5 
4 7 2 
1 10 19 
18 13 16 
15 0 11 
12 17 14 

76. øešení (Backtracking)
10 5 8 
7 2 11 
4 9 6 
1 12 3 
16 19 14 
13 0 17 
18 15 20 

77. øešení (Backtracking)
10 5 8 
7 2 11 
4 9 6 
1 12 3 
18 15 20 
13 0 17 
16 19 14 

78. øešení (Backtracking)
10 5 8 
7 2 11 
4 9 6 
1 12 3 
14 19 16 
17 0 13 
20 15 18 

79. øešení (Backtracking)
10 5 8 
7 2 11 
4 9 6 
1 12 3 
20 15 18 
17 0 13 
14 19 16 

80. øešení (Backtracking)
20 5 8 
7 2 19 
4 9 6 
1 18 3 
10 15 12 
13 0 17 
16 11 14 

81. øešení (Backtracking)
20 5 8 
7 2 19 
4 9 6 
1 18 3 
12 15 10 
17 0 13 
14 11 16 

82. øešení (Backtracking)
14 11 16 
17 2 13 
12 15 10 
1 18 3 
4 9 6 
7 0 19 
20 5 8 

83. øešení (Backtracking)
16 11 14 
13 2 17 
10 15 12 
1 18 3 
4 9 6 
7 0 19 
20 5 8 

84. øešení (Backtracking)
14 19 16 
17 2 13 
20 15 18 
1 12 3 
4 9 6 
7 0 11 
10 5 8 

85. øešení (Backtracking)
20 15 18 
17 2 13 
14 19 16 
1 12 3 
4 9 6 
7 0 11 
10 5 8 

86. øešení (Backtracking)
16 19 14 
13 2 17 
18 15 20 
1 12 3 
4 9 6 
7 0 11 
10 5 8 

87. øešení (Backtracking)
18 15 20 
13 2 17 
16 19 14 
1 12 3 
4 9 6 
7 0 11 
10 5 8 

88. øešení (Backtracking)
12 17 14 
15 20 11 
18 13 16 
1 10 19 
4 7 2 
9 0 5 
6 3 8 

89. øešení (Backtracking)
4 9 6 
7 18 3 
10 5 8 
19 2 17 
16 11 14 
13 20 1 
0 15 12 

90. øešení (Backtracking)
4 9 6 
7 20 3 
10 5 8 
19 2 17 
16 11 14 
13 18 1 
0 15 12 

91. øešení (Backtracking)
6 9 4 
3 18 7 
8 5 10 
19 2 17 
16 11 14 
13 20 1 
0 15 12 

92. øešení (Backtracking)
6 9 4 
3 20 7 
8 5 10 
19 2 17 
16 11 14 
13 18 1 
0 15 12 

93. øešení (Backtracking)
10 15 12 
13 18 9 
16 11 14 
19 8 17 
6 1 4 
3 20 7 
0 5 2 

94. øešení (Backtracking)
10 15 12 
13 20 9 
16 11 14 
19 8 17 
6 1 4 
3 18 7 
0 5 2 

95. øešení (Backtracking)
12 15 10 
9 18 13 
14 11 16 
17 8 19 
6 1 4 
3 20 7 
0 5 2 

96. øešení (Backtracking)
12 15 10 
9 20 13 
14 11 16 
17 8 19 
6 1 4 
3 18 7 
0 5 2 

97. øešení (Backtracking)
10 15 12 
13 18 9 
16 11 14 
19 8 17 
4 1 6 
7 20 3 
2 5 0 

98. øešení (Backtracking)
10 15 12 
13 20 9 
16 11 14 
19 8 17 
4 1 6 
7 18 3 
2 5 0 

99. øešení (Backtracking)
12 15 10 
9 18 13 
14 11 16 
17 8 19 
4 1 6 
7 20 3 
2 5 0 

100. øešení (Backtracking)
12 15 10 
9 20 13 
14 11 16 
17 8 19 
4 1 6 
7 18 3 
2 5 0 

101. øešení (Backtracking)
4 9 6 
7 18 3 
10 5 8 
17 2 19 
14 11 16 
1 20 13 
12 15 0 

102. øešení (Backtracking)
4 9 6 
7 20 3 
10 5 8 
17 2 19 
14 11 16 
1 18 13 
12 15 0 

103. øešení (Backtracking)
6 9 4 
3 18 7 
8 5 10 
17 2 19 
14 11 16 
1 20 13 
12 15 0 

104. øešení (Backtracking)
6 9 4 
3 20 7 
8 5 10 
17 2 19 
14 11 16 
1 18 13 
12 15 0 

<td>104</td>
