Tento soubor obsahuje 8 vygenerovaných øešení Hopfieldovou neuronovou sítí.
Øešení jsou vypsána v podobì èísel ve tvaru velikosti šachovnice 8x8.
Každé èíslo reprezentuje krok jezdcovy procházky.
Èíslo 0 je políèko, kde jezdec zaèíná
Èíslo 1 je políèko, kam se jezdec pøesunul z kroku 0 atd...

1. øešení (Neural network)
0 49 10 17 62 51 54 23 
11 16 63 50 25 22 61 52 
48 1 14 9 18 53 24 55 
15 12 3 26 21 56 19 60 
2 47 8 13 4 59 28 57 
7 38 45 42 27 20 31 34 
46 43 40 5 36 33 58 29 
39 6 37 44 41 30 35 32 


2. øešení (Neural network)
0 23 32 35 60 25 46 49 
31 34 63 24 45 48 59 26 
22 1 36 33 28 61 50 47 
37 30 3 62 39 44 27 58 
2 21 38 29 4 57 40 51 
9 6 11 20 43 54 15 56 
12 19 8 5 14 17 52 41 
7 10 13 18 53 42 55 16 


3. øešení (Neural network)
0 31 2 17 60 35 12 15 
3 54 63 34 13 16 59 36 
30 1 32 55 18 61 14 11 
53 4 29 62 33 58 37 42 
28 23 56 19 38 43 10 47 
5 52 25 22 57 46 41 44 
24 27 50 7 20 39 48 9 
51 6 21 26 49 8 45 40 


4. øešení (Neural network)
0 53 4 39 14 51 32 37 
5 40 63 52 3 38 13 50 
54 1 6 15 62 33 36 31 
41 16 61 2 35 30 49 12 
60 55 42 7 48 11 34 29 
17 20 59 56 25 28 47 10 
58 43 22 19 8 45 24 27 
21 18 57 44 23 26 9 46 


5. øešení (Neural network)
0 41 2 33 62 37 16 35 
3 32 63 42 17 34 61 58 
26 1 40 9 38 59 36 15 
31 4 25 18 43 10 57 60 
24 27 44 39 8 19 14 11 
5 30 51 22 45 12 47 56 
52 23 28 7 54 49 20 13 
29 6 53 50 21 46 55 48 


6. øešení (Neural network)
0 51 28 23 62 59 56 33 
25 22 63 52 29 34 61 58 
50 1 24 27 60 57 32 55 
21 26 49 2 53 30 35 10 
48 3 44 17 36 9 54 31 
45 20 47 6 41 38 11 14 
4 43 18 37 16 13 8 39 
19 46 5 42 7 40 15 12 


7. øešení (Neural network)
0 27 22 55 14 29 44 33 
21 54 63 28 43 32 13 30 
62 1 26 23 56 15 34 45 
53 20 57 42 25 46 31 12 
2 61 24 39 16 35 8 47 
19 52 41 58 5 38 11 36 
60 3 50 17 40 9 48 7 
51 18 59 4 49 6 37 10 


8. øešení (Neural network)
0 61 8 15 12 37 42 17 
9 32 63 36 7 16 13 38 
62 1 60 11 14 41 18 43 
33 10 31 6 35 46 39 52 
2 59 34 47 40 51 44 19 
27 30 5 56 45 22 53 50 
58 3 28 25 48 55 20 23 
29 26 57 4 21 24 49 54 


