Tento soubor obsahuje 9 vygenerovaných øešení Warnsdorffovým algoritmem.
Øešení jsou vypsána v podobì èísel ve tvaru velikosti šachovnice 9x9.
Každé èíslo reprezentuje krok jezdcovy procházky.
Èíslo 0 je políèko, kde jezdec zaèíná
Èíslo 1 je políèko, kam se jezdec pøesunul z kroku 0 atd...

1. øešení (Warnsdorff)
1 49 18 73 2 51 30 53 4
18 80 1 50 31 74 3 34 29
49 19 72 79 76 33 52 5 54
72 16 77 32 69 38 75 28 35
21 47 70 61 78 67 36 55 6
16 62 21 68 37 60 39 66 27
23 43 46 63 40 65 56 7 10
46 14 41 24 59 12 9 26 57
43 23 44 13 64 25 58 11 8

2. øešení (Warnsdorff)
1 49 18 73 2 51 30 53 4
18 78 1 50 31 74 3 34 29
49 19 72 79 76 33 52 5 54
72 16 77 32 69 38 75 28 35
21 47 70 61 80 67 36 55 6
16 62 21 68 37 60 39 66 27
23 43 46 63 40 65 56 7 10
46 14 41 24 59 12 9 26 57
43 23 44 13 64 25 58 11 8

3. øešení (Warnsdorff)
1 49 18 73 2 51 30 53 4
18 78 1 50 31 74 3 34 29
49 19 72 77 80 33 52 5 54
72 16 79 32 69 38 75 28 35
21 47 70 61 76 67 36 55 6
16 62 21 68 37 60 39 66 27
23 43 46 63 40 65 56 7 10
46 14 41 24 59 12 9 26 57
43 23 44 13 64 25 58 11 8

4. øešení (Warnsdorff)
1 49 18 73 2 51 30 53 4
18 76 1 50 31 74 3 34 29
49 19 72 75 78 33 52 5 54
72 16 77 32 69 38 79 28 35
21 47 70 61 80 67 36 55 6
16 62 21 68 37 60 39 66 27
23 43 46 63 40 65 56 7 10
46 14 41 24 59 12 9 26 57
43 23 44 13 64 25 58 11 8

5. øešení (Warnsdorff)
1 49 18 73 2 51 30 53 4
18 76 1 50 31 74 3 34 29
49 19 72 75 80 33 52 5 54
72 16 77 32 69 38 79 28 35
21 47 70 61 78 67 36 55 6
16 62 21 68 37 60 39 66 27
23 43 46 63 40 65 56 7 10
46 14 41 24 59 12 9 26 57
43 23 44 13 64 25 58 11 8

6. øešení (Warnsdorff)
1 49 18 73 2 51 30 53 4
18 80 1 50 31 74 3 34 29
49 19 72 75 78 33 52 5 54
72 16 79 32 69 38 77 28 35
21 47 70 61 76 67 36 55 6
16 62 21 68 37 60 39 66 27
23 43 46 63 40 65 56 7 10
46 14 41 24 59 12 9 26 57
43 23 44 13 64 25 58 11 8

7. øešení (Warnsdorff)
1 49 18 73 2 51 30 53 4
18 80 1 50 31 76 3 34 29
49 19 72 77 74 33 52 5 54
72 16 79 32 69 38 75 28 35
21 47 70 61 78 67 36 55 6
16 62 21 68 37 60 39 66 27
23 43 46 63 40 65 56 7 10
46 14 41 24 59 12 9 26 57
43 23 44 13 64 25 58 11 8

8. øešení (Warnsdorff)
1 49 18 73 2 51 30 53 4
18 78 1 50 31 76 3 34 29
49 19 72 77 74 33 52 5 54
72 16 79 32 69 38 75 28 35
21 47 70 61 80 67 36 55 6
16 62 21 68 37 60 39 66 27
23 43 46 63 40 65 56 7 10
46 14 41 24 59 12 9 26 57
43 23 44 13 64 25 58 11 8

9. øešení (Warnsdorff)
1 49 18 73 2 51 30 53 4
18 78 1 50 31 80 3 34 29
49 19 72 79 74 33 52 5 54
72 16 77 32 69 38 75 28 35
21 47 70 61 76 67 36 55 6
16 62 21 68 37 60 39 66 27
23 43 46 63 40 65 56 7 10
46 14 41 24 59 12 9 26 57
43 23 44 13 64 25 58 11 8
